BASIN_HUC BASIN_ID Runoff(mm_day-1) Precip(mm_day-1) PET(mm_day-1) Temp(oC)
01 01013500 1.685 3.130 1.953 3.338
01 01022500 2.145 3.640 2.100 6.515
01 01030500 1.858 3.288 2.027 5.091
01 01031500 2.022 3.479 2.059 4.646
01 01047000 2.160 3.338 2.078 4.420
01 01052500 2.284 3.762 2.083 3.205
01 01054200 2.737 4.033 2.111 4.367
01 01055000 2.220 3.442 2.074 3.869
01 01057000 1.860 3.539 2.119 6.005
01 01073000 1.678 3.434 2.196 8.512
01 01078000 1.736 3.538 2.169 6.469
01 01118300 2.123 3.767 2.301 10.060
01 01121000 1.823 3.701 2.289 9.097
01 01123000 1.762 3.791 2.296 9.442
01 01134500 2.041 3.500 2.082 4.303
01 01137500 2.424 3.978 2.131 3.864
01 01139000 1.613 3.131 2.102 5.401
01 01139800 1.784 3.273 2.111 4.888
01 01142500 1.777 3.293 2.129 5.787
01 01144000 1.855 3.388 2.142 5.678
01 01162500 1.772 3.692 2.241 7.273
01 01169000 2.238 3.883 2.243 6.675
01 01170100 2.132 3.873 2.233 6.720
01 01181000 2.090 3.771 2.254 7.089
01 01187300 2.074 3.905 2.271 7.571
01 01195100 1.635 3.578 2.348 10.642
01 04296000 1.692 3.592 2.143 5.195
02 01333000 1.972 3.614 2.199 6.760
02 01350000 2.041 3.846 2.233 6.367
02 01350080 1.514 3.547 2.227 6.622
02 01350140 1.468 3.404 2.225 6.641
02 01365000 2.668 4.197 2.291 7.120
02 01411300 1.220 3.179 2.526 12.716
02 01413500 1.898 3.777 2.222 6.339
02 01414500 2.130 3.936 2.218 6.179
02 01415000 1.724 3.673 2.224 6.466
02 01423000 1.773 3.609 2.209 6.512
02 01434025 2.743 4.479 2.263 5.686
02 01435000 2.863 4.305 2.288 6.307
02 01439500 2.004 3.614 2.332 8.571
02 01440000 1.785 3.535 2.332 9.273
02 01440400 2.084 3.662 2.321 8.343
02 01451800 1.725 3.510 2.407 10.331
02 01466500 0.779 3.528 3.086 12.054
02 01484100 1.118 3.259 2.594 13.591
02 01485500 1.096 3.212 2.621 14.015
02 01486000 1.048 3.230 2.659 14.225
02 01487000 1.186 3.258 2.599 13.698
02 01491000 1.228 3.242 2.585 13.471
02 01510000 1.815 3.405 2.226 7.048
02 01516500 0.999 3.048 2.252 7.288
02 01518862 1.143 2.988 2.255 6.998
02 01532000 1.297 3.108 2.282 7.643
02 01539000 1.710 3.362 2.347 8.462
02 01542810 1.580 3.373 2.258 7.223
02 01543000 1.615 3.339 2.266 7.495
02 01543500 1.608 3.347 2.274 7.698
02 01544500 1.613 3.268 2.277 7.300
02 01545600 1.488 3.293 2.285 7.543
02 01547700 1.294 3.130 2.332 8.917
02 01548500 1.387 3.043 2.257 7.215
02 01549500 1.489 3.173 2.277 7.521
02 01550000 1.644 3.239 2.275 7.551
02 01552000 1.712 3.407 2.294 7.638
02 01552500 1.950 3.580 2.275 7.355
02 01557500 1.570 3.100 2.345 8.812
02 01567500 1.313 3.208 2.419 10.429
02 01568000 1.409 3.299 2.410 10.370
02 01580000 1.300 3.421 2.513 11.881
02 01583500 1.123 3.268 2.541 12.405
02 01586610 1.175 3.331 2.535 12.158
02 01591400 1.046 3.265 2.624 12.506
02 01594950 1.849 3.885 2.446 8.470
02 01596500 1.492 3.291 2.428 8.464
02 01605500 0.985 3.144 2.529 9.125
02 01606500 1.152 3.297 2.490 9.064
02 01613050 1.200 3.037 2.436 10.351
02 01620500 1.551 3.308 2.523 9.224
02 01632000 0.923 2.908 2.540 10.464
02 01632900 0.768 2.877 2.669 11.722
02 01634500 0.978 2.932 2.513 10.951
02 01638480 1.025 3.013 2.552 12.313
02 01639500 1.115 3.184 2.526 11.932
02 01644000 0.966 3.019 2.553 12.342
02 01658500 0.876 3.191 2.681 13.078
02 01664000 1.065 3.125 2.562 12.379
02 01666500 1.194 3.191 2.651 12.518
02 01667500 1.137 3.203 2.680 12.608
02 01669000 0.974 3.209 2.668 14.419
02 01669520 1.052 3.295 2.678 14.608
02 02011400 0.980 3.232 2.537 9.619
02 02011460 1.400 3.342 2.511 8.989
02 02013000 0.987 3.025 2.591 10.712
02 02014000 1.065 3.121 2.544 10.608
02 02015700 1.342 3.136 2.553 9.641
02 02016000 1.141 3.106 2.565 10.599
02 02017500 1.165 3.027 2.593 10.905
02 02018000 1.103 3.058 2.616 11.310
02 02027000 1.617 3.520 2.647 11.557
02 02027500 1.850 3.694 2.649 11.125
02 02028500 1.414 3.368 2.590 12.303
02 02038850 0.821 3.164 2.779 13.496
03 02046000 0.818 3.276 2.720 14.308
03 02051000 0.745 3.201 2.710 13.854
03 02051500 0.805 3.228 2.991 14.180
03 02053200 0.875 3.381 2.787 15.353
03 02053800 0.974 3.231 2.660 11.229
03 02055100 0.990 3.076 3.049 12.642
03 02056900 1.035 3.173 2.695 12.582
03 02059500 0.886 3.119 3.688 13.131
03 02064000 0.879 3.089 2.940 13.498
03 02065500 0.904 3.125 3.696 13.610
03 02069700 1.323 3.509 2.708 12.972
03 02070000 1.101 3.297 3.756 13.481
03 02074500 0.914 3.258 3.442 13.711
03 02077200 0.903 3.261 3.087 14.552
03 02081500 0.818 3.254 2.785 14.628
03 02082950 0.818 3.287 3.180 14.899
03 02092500 0.988 3.759 3.199 16.730
03 02096846 0.708 3.354 3.422 15.028
03 02102908 1.301 3.375 2.896 16.110
03 02108000 1.070 3.735 3.199 16.850
03 02111180 1.664 3.658 2.713 12.446
03 02111500 1.391 3.560 2.727 12.507
03 02112120 1.295 3.553 2.886 12.536
03 02112360 1.441 3.437 2.692 12.753
03 02118500 1.135 3.531 2.942 13.815
03 02125000 0.958 3.225 3.064 15.668
03 02128000 0.889 3.244 2.913 15.549
03 02137727 1.765 3.968 2.792 12.938
03 02140991 1.697 3.691 2.736 12.809
03 02143000 1.405 3.729 2.897 14.072
03 02143040 1.637 4.063 2.795 13.557
03 02149000 1.507 3.786 2.777 13.932
03 02152100 1.261 3.802 3.119 13.945
03 02177000 2.794 5.281 2.804 12.779
03 02178400 2.838 5.142 2.803 11.935
03 02193340 0.646 3.253 3.556 16.647
03 02196000 0.491 3.263 3.885 16.758
03 02198100 0.742 3.296 3.586 17.956
03 02202600 0.647 3.288 3.157 18.955
03 02212600 0.698 3.307 4.012 17.262
03 02215100 0.869 3.365 3.144 18.245
03 02216180 0.849 3.347 3.178 18.646
03 02221525 0.722 3.289 3.180 17.050
03 02231000 0.750 3.719 3.471 20.126
03 02231342 0.817 3.649 3.618 22.729
03 02235200 0.396 3.692 4.045 21.746
03 02245500 0.908 3.724 3.795 20.580
03 02246000 0.913 3.659 3.299 20.427
03 02296500 0.671 3.685 3.499 22.635
03 02297155 0.688 3.929 3.880 22.656
03 02297310 0.787 3.845 4.026 22.740
03 02298123 0.889 3.712 3.515 22.825
03 02298608 1.174 3.880 3.606 22.770
03 02299950 1.140 3.904 3.568 22.683
03 02300700 1.390 3.848 3.550 22.755
03 02310947 0.383 3.763 3.589 22.404
03 02312200 0.403 3.651 3.732 22.054
03 02314500 0.658 3.645 3.462 19.557
03 02315500 0.594 3.677 3.695 19.709
03 02324400 0.635 3.960 4.033 20.053
03 02327100 1.642 4.174 3.252 19.871
03 02342933 0.919 3.692 3.263 18.025
03 02349900 0.808 3.330 3.198 18.237
03 02350900 0.896 3.549 3.206 18.147
03 02361000 1.136 3.833 3.379 18.430
03 02363000 1.051 3.919 4.188 18.020
03 02369800 1.435 4.489 3.678 18.700
03 02371500 1.081 3.869 3.145 17.992
03 02372250 1.137 3.918 3.822 18.016
03 02374500 1.407 4.304 4.336 18.163
03 02381600 1.450 4.268 2.988 14.208
03 02384540 2.184 4.820 2.783 13.168
03 02395120 1.192 3.710 2.939 15.546
03 02408540 1.407 4.082 3.134 16.414
03 02415000 1.471 4.101 2.997 16.160
03 02422500 1.266 3.961 3.071 17.273
03 02427250 1.182 3.999 4.014 18.079
03 02430085 1.585 4.167 2.936 15.861
03 02430615 1.540 4.186 2.942 16.026
03 02450250 1.635 4.314 2.986 15.552
03 02464000 1.523 4.216 2.991 16.494
03 02464146 1.414 4.174 3.023 16.779
03 02464360 1.420 4.102 3.214 16.908
03 02465493 1.133 4.088 4.218 17.292
03 02469800 1.254 4.065 3.328 18.143
03 02472000 1.304 4.148 3.279 17.816
03 02472500 1.301 4.275 4.351 18.285
03 02479155 1.549 4.458 3.189 18.771
03 02479300 1.745 4.595 3.199 19.066
03 02479560 1.747 4.596 3.175 18.728
03 02481000 1.897 4.701 3.208 19.308
03 02481510 1.736 4.581 3.205 19.166
04 04015330 1.036 2.251 1.949 4.051
04 04024430 0.877 2.294 2.000 4.826
04 04027000 0.954 2.475 2.043 4.724
04 04040500 1.061 2.502 2.246 4.214
04 04043050 1.442 2.242 2.069 4.921
04 04045500 1.031 2.551 2.783 5.156
04 04056500 1.166 2.407 2.022 5.446
04 04057510 0.891 2.377 2.025 5.635
04 04057800 1.093 2.513 2.036 4.159
04 04059500 0.695 2.205 2.041 5.276
04 04063700 0.678 2.278 2.039 4.535
04 04074950 0.824 2.373 2.204 4.707
04 04105700 1.077 2.778 2.319 9.049
04 04115265 0.773 2.537 2.451 8.119
04 04122200 1.086 2.647 2.220 7.940
04 04122500 1.105 2.642 2.201 7.639
04 04124000 1.186 2.504 2.430 6.548
04 04127918 0.971 2.606 2.015 5.268
04 04127997 1.075 2.548 2.872 6.227
04 04161580 0.603 2.486 2.316 8.528
04 04185000 0.899 2.576 2.370 9.363
04 04196800 0.913 2.672 2.443 10.320
04 04197100 0.922 2.768 2.555 9.932
04 04197170 0.914 2.729 2.402 10.045
04 04213000 1.648 3.301 2.300 8.925
04 04213075 1.565 3.263 2.295 9.213
04 04216418 1.428 3.143 2.226 7.453
04 04221000 1.272 3.094 2.257 6.769
04 04224775 1.053 2.864 2.230 7.314
04 04233000 1.125 2.819 2.269 8.045
04 04256000 2.254 3.617 2.180 5.343
05 03010655 1.483 3.186 2.247 6.804
05 03011800 1.927 3.557 2.245 6.595
05 03015500 1.922 3.587 2.252 7.542
05 03021350 2.323 3.686 2.254 7.643
05 03026500 1.787 3.519 2.253 6.672
05 03028000 1.960 3.453 2.255 6.869
05 03049000 1.332 3.296 2.371 9.426
05 03049800 1.073 3.032 2.423 10.293
05 03050000 1.928 3.871 2.463 8.716
05 03066000 2.331 4.081 2.434 7.630
05 03069500 2.410 3.997 2.436 7.872
05 03070500 1.983 3.673 2.424 9.485
05 03076600 1.784 3.612 2.432 8.589
05 03078000 1.867 3.485 2.427 8.312
05 03140000 0.983 2.878 2.435 10.353
05 03144000 1.074 2.959 2.447 10.359
05 03159540 1.029 3.079 2.515 11.489
05 03161000 1.928 3.993 2.659 10.200
05 03164000 1.555 3.711 2.661 10.242
05 03165000 1.660 3.627 2.653 10.940
05 03170000 1.075 3.357 2.777 11.067
05 03173000 0.985 3.010 2.628 10.866
05 03180500 1.958 3.742 2.476 7.808
05 03182500 1.596 3.516 2.512 8.519
05 03186500 2.521 4.046 2.506 8.080
05 03187500 2.574 4.038 2.512 8.101
05 03213700 1.094 3.475 2.604 11.820
05 03237280 1.085 3.408 2.549 11.576
05 03237500 1.122 3.156 2.550 11.565
05 03238500 1.184 3.204 2.553 11.523
05 03241500 1.082 3.019 2.505 10.865
05 03280700 1.302 3.957 2.765 12.416
05 03281100 1.287 3.805 2.674 12.761
05 03281500 1.350 3.786 2.659 12.725
05 03285000 1.385 3.531 2.696 13.153
05 03291780 1.386 3.528 2.580 11.964
05 03300400 1.316 3.451 2.694 13.297
05 03338780 1.119 2.911 2.469 10.653
05 03340800 1.048 3.136 2.517 10.921
05 03346000 0.962 3.123 2.593 12.174
05 03357350 1.178 3.184 2.546 11.050
05 03364500 1.143 3.252 2.539 11.307
05 03366500 1.276 3.494 2.588 12.123
05 03368000 1.317 3.378 2.563 11.795
05 03384450 1.336 3.684 2.716 13.593
06 03439000 3.166 5.541 2.705 11.592
06 03450000 1.661 4.064 2.669 9.759
06 03455500 3.308 5.791 3.469 9.096
06 03456500 2.503 4.804 2.734 10.223
06 03460000 2.109 4.493 2.642 9.207
06 03463300 2.954 4.447 3.599 10.047
06 03471500 1.334 3.364 2.601 10.293
06 03473000 1.461 3.443 2.586 10.499
06 03479000 1.791 3.906 2.658 10.378
06 03488000 1.227 3.271 2.606 10.774
06 03498500 1.777 4.299 2.647 12.452
06 03500000 2.400 5.087 2.821 12.202
06 03500240 2.177 4.918 3.173 11.920
06 03504000 3.606 5.566 2.691 10.197
06 03574500 1.872 4.282 2.847 14.603
06 03592718 1.456 4.173 3.755 15.609
06 03604000 1.633 4.261 2.941 14.410
07 05291000 0.214 1.697 2.463 6.490
07 05362000 0.869 2.409 2.071 4.985
07 05393500 1.050 2.433 2.074 4.734
07 05399500 0.728 2.338 2.120 5.762
07 05408000 0.704 2.508 2.211 7.119
07 05412500 0.792 2.614 2.274 7.769
07 05413500 0.689 2.565 2.287 8.126
07 05414000 0.740 2.602 2.280 8.015
07 05444000 0.794 2.749 2.392 8.927
07 05454000 0.780 2.700 2.505 9.706
07 05458000 0.708 2.513 2.262 7.419
07 05466500 0.811 2.703 2.435 10.140
07 05487980 0.738 2.679 2.434 10.022
07 05488200 0.724 2.665 2.418 9.997
07 05489000 0.733 2.701 2.439 10.157
07 05495000 0.837 2.779 2.487 10.933
07 05495500 0.782 2.782 2.531 11.306
07 05501000 0.833 2.852 2.559 11.716
07 05503800 0.770 2.920 2.570 11.811
07 05507600 0.728 2.936 3.021 12.015
07 05508805 0.742 2.900 2.604 11.926
07 05514500 0.793 2.983 2.604 12.146
07 05525500 0.915 2.767 2.465 10.475
07 05556500 0.809 2.761 2.385 9.397
07 05584500 0.770 2.783 2.498 10.961
07 05585000 0.753 2.784 2.507 11.069
07 05591550 0.926 2.929 2.574 11.844
07 05592050 0.861 2.853 2.583 11.913
07 05592575 0.925 3.061 2.630 12.343
07 05593575 0.930 3.038 2.669 13.070
07 05593900 0.829 2.877 2.608 12.159
07 05595730 1.011 3.157 2.662 12.936
07 07014500 0.896 3.278 2.705 12.816
08 07290650 1.138 4.134 3.422 18.285
08 07291000 1.341 4.269 3.175 18.301
08 07292500 1.342 4.285 4.126 18.436
08 07295000 1.476 4.442 3.334 18.770
08 07359610 1.810 4.239 2.912 15.276
08 07362100 1.020 3.712 3.046 17.171
08 07362587 1.685 4.190 3.299 15.416
08 07373000 1.156 4.215 3.227 18.737
08 07375000 1.501 4.564 3.214 19.157
08 07376000 1.383 4.602 3.960 18.993
08 08013000 1.443 4.242 3.218 18.942
08 08014500 1.383 4.398 3.265 19.182
09 05056000 0.166 1.287 2.050 4.621
09 05057000 0.182 1.336 2.016 4.521
09 05057200 0.126 1.430 2.038 4.760
09 05062500 0.257 1.869 2.016 4.347
09 05087500 0.252 1.592 2.001 3.903
09 05120500 0.088 1.284 2.030 4.910
09 05123400 0.088 1.348 2.025 3.412
09 05129115 0.646 1.998 1.893 3.048
09 05131500 0.597 2.009 1.908 3.364
10 06453600 0.119 1.722 2.383 9.007
10 06464500 0.081 1.539 2.395 8.852
10 06479215 0.207 1.791 2.173 5.873
10 06479438 0.209 1.722 2.194 6.011
10 06601000 0.340 2.118 2.387 9.282
10 06614800 1.893 3.013 3.477 -0.969
10 06622700 1.291 2.254 3.090 1.736
10 06623800 1.491 2.881 3.024 1.754
10 06632400 1.187 2.279 3.325 0.867
10 06746095 3.041 2.839 3.041 -0.211
10 06784000 0.132 1.728 2.475 9.356
10 06803510 0.319 2.152 2.494 10.660
10 06803530 0.320 2.190 2.480 10.470
10 06814000 0.408 2.385 2.570 11.235
10 06847900 0.010 1.514 2.772 10.971
10 06853800 0.114 1.949 2.965 11.020
10 06876700 0.160 1.989 2.689 12.392
10 06878000 0.266 2.206 2.920 12.622
10 06879650 0.482 2.557 2.637 12.333
10 06885500 0.422 2.434 2.855 11.643
10 06888500 0.585 2.575 2.688 12.270
10 06889200 0.575 2.561 2.617 12.135
10 06889500 0.557 2.585 2.624 12.305
10 06892000 0.655 2.753 2.613 12.351
10 06903400 0.770 2.770 2.436 10.008
10 06906800 0.878 3.119 2.647 12.537
10 06910800 0.543 2.618 2.720 12.441
10 06911900 0.544 2.614 2.665 12.479
10 06917000 0.808 3.058 2.729 13.288
10 06918460 0.999 3.252 2.755 13.394
10 06919500 0.819 3.345 2.725 13.497
10 06921070 0.966 3.233 2.748 13.215
10 06921200 0.955 3.221 2.735 13.247
10 06934000 0.935 3.244 2.695 13.069
10 06037500 1.071 2.418 2.596 1.050
10 06043500 0.837 2.220 2.689 1.656
10 06154410 0.254 1.322 2.074 4.854
10 06188000 1.259 2.253 2.532 1.223
10 06191500 1.130 2.202 2.544 0.866
10 06221400 1.470 1.523 2.568 0.287
10 06224000 1.377 1.490 2.570 -0.055
10 06278300 1.264 1.908 2.455 0.257
10 06280300 1.274 1.955 2.547 -0.089
10 06289000 0.731 1.707 2.463 1.897
10 06291500 0.501 1.538 3.099 4.166
10 06311000 0.589 1.443 2.381 1.929
10 06332515 0.057 1.234 2.464 5.404
10 06339100 0.067 1.190 2.107 5.855
10 06339500 0.057 1.183 2.116 5.998
10 06344600 0.077 1.178 2.505 5.838
10 06350000 0.060 1.120 2.156 6.170
10 06352000 0.061 1.130 2.573 6.291
10 06353000 0.051 1.176 3.027 6.489
10 06354000 0.059 1.181 2.905 6.347
10 06360500 0.066 1.204 2.270 7.384
10 06404000 0.139 1.473 2.405 6.475
10 06406000 0.093 1.377 2.368 7.157
10 06408700 0.690 1.803 2.349 3.863
10 06409000 0.173 1.705 2.355 3.893
10 06431500 0.380 1.930 2.892 5.043
10 06440200 0.072 1.330 2.347 8.864
10 06441500 0.053 1.311 2.331 8.703
10 06447000 0.050 1.291 2.487 8.772
10 06447500 0.073 1.418 2.408 8.368
10 06450500 0.099 1.442 2.360 8.658
10 06452000 0.065 1.360 2.404 8.847
10 06468170 0.194 1.298 2.059 4.809
10 06468250 0.225 1.300 2.840 4.830
10 06470800 0.213 1.515 2.102 5.507
10 06477500 0.074 1.652 2.323 8.400
11 07056000 1.217 3.549 2.801 13.952
11 07057500 1.290 3.228 2.765 13.463
11 07060710 0.759 3.690 2.887 14.331
11 07066000 1.217 3.309 2.743 13.208
11 07067000 1.246 3.496 2.748 13.463
11 07068000 1.391 3.426 2.738 13.285
11 07071500 0.968 3.333 2.760 13.499
11 07083000 1.203 2.147 2.838 -1.169
11 07142300 0.032 1.766 2.748 13.170
11 07145700 0.488 2.420 2.788 14.142
11 07148400 0.111 1.868 3.189 13.997
11 07149000 0.165 1.932 2.911 13.770
11 07151500 0.332 2.248 3.119 13.993
11 07167500 0.682 2.725 2.716 13.337
11 07180500 0.560 2.542 2.924 12.937
11 07184000 0.930 3.201 2.744 13.791
11 07195800 1.009 3.447 2.962 14.438
11 07196900 1.127 3.634 2.852 14.775
11 07197000 1.083 3.541 2.865 15.049
11 07208500 0.193 1.667 2.711 4.584
11 07226500 0.007 1.079 2.712 11.863
11 07261000 1.390 3.728 2.896 15.277
11 07263295 1.363 3.928 3.373 15.804
11 07299670 0.088 1.681 3.890 16.868
11 07301410 0.042 1.649 2.900 14.548
11 07301500 0.053 1.674 3.096 14.677
11 07315200 0.166 2.217 3.255 17.552
11 07315700 0.344 2.441 3.066 17.017
11 07335700 2.068 4.198 2.836 14.182
11 07340300 1.918 4.379 2.901 14.633
11 07346045 0.823 3.455 3.134 18.020
12 08023080 0.957 3.819 3.773 18.421
12 08025500 0.988 3.930 3.205 18.636
12 08029500 1.039 4.098 3.535 19.007
12 08050800 0.472 2.785 3.279 17.555
12 08066200 0.772 3.618 3.778 19.401
12 08066300 0.813 3.782 4.220 19.536
12 08070000 0.688 3.483 3.662 19.673
12 08070200 0.674 3.517 3.976 19.835
12 08079600 0.112 1.379 3.515 16.091
12 08082700 0.068 1.780 3.678 17.689
12 08086212 0.072 1.823 3.253 17.913
12 08086290 0.090 1.931 4.225 17.883
12 08101000 0.210 2.239 3.336 18.325
12 08103900 0.275 2.293 3.320 18.691
12 08104900 0.360 2.389 3.349 18.971
12 08109700 0.239 2.519 3.378 19.958
12 08150800 0.082 2.020 3.346 18.256
12 08155200 0.348 2.439 3.364 19.313
12 08158700 0.382 2.490 3.366 19.135
12 08158810 0.514 2.459 3.367 19.410
12 08164000 0.472 2.755 4.733 20.878
12 08164300 0.363 2.715 4.710 20.565
12 08164600 0.540 2.856 3.454 21.272
12 08165300 0.205 2.102 3.341 17.916
12 08171300 0.365 2.467 4.660 19.040
12 08175000 0.210 2.301 3.438 20.780
12 08176900 0.192 2.324 3.767 21.047
12 08178880 0.400 2.334 3.370 18.605
12 08189500 0.180 2.235 4.746 21.482
12 08190000 0.225 1.802 3.394 18.779
12 08190500 0.040 1.730 4.188 18.857
12 08194200 0.076 1.350 3.610 22.545
12 08195000 0.337 2.074 3.384 18.527
12 08196000 0.251 1.959 3.416 18.948
12 08198500 0.144 2.104 3.407 19.165
12 08200000 0.437 2.217 3.386 19.149
12 08202700 0.048 2.071 3.420 19.569
13 08267500 0.880 1.741 3.490 2.603
13 08269000 0.387 1.595 4.040 4.016
13 08271000 1.133 1.797 4.003 2.252
13 08324000 0.145 1.536 3.043 5.902
13 08377900 0.602 1.988 3.012 3.552
13 08378500 0.513 1.896 3.556 3.939
13 08380500 0.236 1.667 3.015 6.398
14 09034900 1.787 2.663 4.110 -0.435
14 09035800 0.998 2.525 3.971 0.152
14 09035900 1.196 2.441 3.588 0.328
14 09047700 0.681 2.048 3.981 0.805
14 09065500 1.961 2.553 3.511 0.347
14 09066000 1.271 2.249 3.805 0.866
14 09066200 1.792 2.589 3.822 0.792
14 09066300 0.884 2.450 3.720 1.347
14 09081600 1.697 2.626 3.755 2.012
14 09107000 0.796 1.925 3.897 0.297
14 09210500 0.429 1.442 2.741 2.215
14 09223000 0.653 1.783 3.710 1.973
14 09306242 0.048 1.287 3.591 5.991
14 09312600 0.306 1.644 3.439 4.192
14 09352900 1.864 2.603 3.144 0.995
14 09378170 0.155 1.602 2.881 5.995
14 09378630 0.244 1.566 2.937 6.161
15 09386900 0.062 1.223 2.990 7.227
15 09404450 0.200 1.390 3.298 7.913
15 09430500 0.091 1.339 3.549 9.643
15 09430600 0.408 1.622 4.269 8.812
15 09447800 0.031 1.048 3.248 13.604
15 09480000 0.040 1.472 3.481 15.693
15 09484000 0.445 1.516 4.630 14.049
15 09484600 0.011 1.204 3.661 16.919
15 09492400 0.784 1.876 3.221 8.459
15 09494000 0.263 1.794 3.043 9.263
15 09497800 0.124 1.535 3.713 12.427
15 09497980 0.138 1.653 3.519 12.994
15 09505200 0.197 1.709 3.493 10.132
15 09505350 0.245 1.627 3.332 10.757
15 09505800 0.206 1.788 3.089 10.134
15 09508300 0.349 1.609 4.115 14.819
15 09510200 0.134 1.294 3.380 17.281
15 09512280 0.074 1.237 3.441 17.472
15 09513780 0.143 1.210 3.305 17.200
16 10023000 0.209 1.538 2.620 4.364
16 10166430 0.107 1.342 2.676 10.123
16 10172700 0.161 1.418 2.843 7.697
16 10172800 1.499 2.003 3.290 7.238
16 10173450 0.446 1.740 3.035 4.159
16 10205030 0.298 1.737 4.046 4.576
16 10234500 0.535 1.858 3.780 3.799
16 10242000 0.420 1.180 4.182 8.952
16 10244950 0.537 1.413 3.791 4.069
16 10249300 0.307 0.662 2.852 8.300
16 10310500 0.306 1.465 3.654 7.821
16 10316500 1.681 2.260 3.470 3.737
16 10329500 0.203 1.420 3.482 6.710
16 10336645 2.050 3.462 2.869 6.212
16 10336660 2.958 3.818 2.843 6.122
16 10336740 0.238 1.862 2.818 5.747
16 10343500 1.030 2.646 2.798 5.653
16 10348850 1.364 2.492 2.896 5.360
17 10396000 0.626 1.610 3.369 6.525
17 12010000 7.316 8.014 1.940 8.931
17 12013500 4.716 6.910 2.550 9.408
17 12020000 4.887 7.398 2.719 8.733
17 12025000 3.184 4.627 2.075 9.948
17 12025700 4.832 5.076 2.030 8.439
17 12035000 6.681 7.174 1.967 9.398
17 12040500 9.680 8.865 1.892 8.137
17 12041200 9.621 8.514 2.066 6.953
17 12043000 7.730 8.492 2.053 8.342
17 12048000 2.377 6.020 2.652 4.761
17 12054000 6.023 6.334 2.728 5.376
17 12056500 8.828 7.833 1.951 5.426
17 12073500 1.577 4.032 2.830 10.583
17 12082500 5.551 6.978 2.922 5.839
17 12092000 5.428 7.276 2.194 4.722
17 12095000 2.737 4.594 2.461 8.567
17 12114500 5.906 7.243 2.038 5.661
17 12115000 5.771 7.235 2.016 6.048
17 12115500 6.895 7.315 1.939 6.484
17 12117000 5.172 6.661 1.973 7.750
17 12141300 7.554 7.943 2.008 5.923
17 12143600 6.266 7.704 2.104 6.311
17 12144000 6.340 7.287 2.213 7.007
17 12145500 3.984 5.796 1.999 9.084
17 12147500 8.371 7.821 2.013 7.373
17 12147600 9.849 8.618 1.906 6.237
17 12167000 6.984 6.959 1.946 7.700
17 12175500 5.642 5.680 2.223 2.688
17 12178100 6.279 6.335 1.993 4.166
17 12186000 6.954 6.603 1.971 5.202
17 12189500 5.799 6.009 2.010 5.193
17 12358500 2.365 3.368 2.209 3.065
17 12374250 0.434 2.210 2.214 4.431
17 12375900 2.528 3.492 2.589 2.837
17 12377150 3.795 4.079 2.454 1.957
17 12381400 1.026 3.008 2.702 3.452
17 12383500 1.410 3.060 3.180 3.057
17 12388400 0.715 2.414 2.974 4.606
17 12390700 1.117 3.096 2.717 5.084
17 12411000 1.910 3.483 2.095 5.624
17 12414500 2.086 3.700 2.199 5.396
17 12447390 1.380 2.654 2.203 0.697
17 12451000 4.150 4.569 2.115 2.992
17 12488500 2.725 4.856 2.176 4.065
17 13011500 1.475 2.520 2.625 1.019
17 13011900 1.526 2.444 2.710 0.023
17 13018300 1.074 2.317 3.254 1.541
17 13023000 1.308 2.392 2.767 2.317
17 13083000 0.262 1.561 3.296 6.086
17 13161500 0.243 1.377 2.544 5.575
17 13235000 1.725 2.666 3.178 2.993
17 13240000 2.582 3.275 2.526 2.117
17 13310700 1.508 3.089 2.669 3.002
17 13313000 1.457 3.669 2.826 1.879
17 13331500 1.757 2.838 2.222 4.057
17 13337000 2.166 3.612 2.505 4.528
17 13338500 0.751 2.373 2.238 5.578
17 13340000 1.463 2.980 3.194 5.260
17 13340600 2.441 3.753 2.253 5.161
17 14020000 1.672 2.821 2.266 7.065
17 14092750 3.238 4.649 2.215 5.240
17 14096850 0.531 2.555 2.935 7.836
17 14137000 4.742 6.339 2.010 6.883
17 14138800 6.630 7.752 2.075 6.866
17 14138870 6.110 8.424 2.097 7.481
17 14138900 8.311 8.978 2.108 7.478
17 14139800 7.060 7.954 2.205 7.893
17 14141500 5.874 7.426 2.141 8.313
17 14154500 2.605 4.709 2.267 8.803
17 14158500 4.520 5.972 2.364 6.652
17 14158790 5.207 6.292 2.174 6.599
17 14166500 2.336 4.903 3.044 10.777
17 14182500 6.001 6.394 2.145 8.376
17 14185000 4.445 5.881 2.201 8.145
17 14185900 6.167 6.731 2.179 8.009
17 14187000 3.571 5.518 2.201 9.195
17 14216500 6.061 7.146 2.046 6.961
17 14222500 5.415 7.369 2.122 8.851
17 14236200 5.485 5.588 1.994 8.246
17 14301000 3.692 5.815 2.808 9.163
17 14303200 5.410 6.618 2.078 8.500
17 14305500 6.718 6.781 2.150 9.573
17 14306340 4.232 6.325 2.831 9.213
17 14306500 3.938 6.217 2.945 10.150
17 14308990 1.207 3.661 3.048 9.718
17 14309500 2.549 4.846 2.917 9.493
17 14316700 3.019 4.643 2.261 8.593
17 14325000 4.277 6.310 3.024 9.414
17 14362250 0.291 2.789 3.300 9.756
17 14400000 7.870 5.663 2.262 9.696
18 10258000 0.256 1.119 3.356 13.945
18 10258500 0.050 0.833 3.139 15.524
18 10259000 0.322 1.061 3.115 14.260
18 10259200 0.063 0.660 3.309 15.483
18 10263500 0.693 1.299 3.126 13.292
18 11098000 0.591 1.915 3.727 14.806
18 11124500 0.286 1.885 3.176 13.049
18 11141280 0.425 1.809 2.746 13.566
18 11143000 2.003 2.704 2.568 10.620
18 11148900 0.932 2.190 2.653 12.178
18 11151300 0.058 1.284 3.464 13.775
18 11162500 0.859 2.620 3.433 12.622
18 11176400 0.257 1.481 3.087 12.724
18 11180500 0.282 1.468 2.687 14.497
18 11180960 0.469 1.626 2.657 14.500
18 11224500 0.062 1.240 3.419 13.589
18 11230500 1.710 2.000 3.091 1.593
18 11237500 1.847 2.859 2.928 5.902
18 11253310 0.062 1.108 2.981 14.258
18 11264500 1.917 2.614 3.019 3.891
18 11266500 1.933 2.688 3.051 4.752
18 11274500 0.129 1.191 2.739 14.643
18 11274630 0.100 1.241 2.731 14.273
18 11284400 0.533 2.750 3.352 12.947
18 11299600 0.560 1.978 3.475 15.457
18 11381500 2.185 3.535 3.458 10.169
18 11383500 1.474 3.591 3.709 10.419
18 11451100 1.713 2.969 2.595 11.472
18 11468500 1.746 3.585 2.733 12.639
18 11473900 1.853 3.731 2.757 9.823
18 11475560 3.500 5.226 2.827 9.699
18 11476600 3.667 4.886 2.323 10.368
18 11478500 3.401 4.704 2.501 8.858
18 11480390 2.229 4.121 3.397 9.029
18 11481200 3.032 4.361 2.504 10.731
18 11482500 3.176 4.600 2.453 9.694
18 11522500 2.215 3.198 2.952 7.981
18 11523200 2.577 2.843 2.561 6.800
18 11528700 1.573 3.811 3.558 8.723
18 11532500 5.573 5.695 2.318 9.323
