BASIN_HUC BASIN_ID Runoff(mm_day-1) Precip(mm_day-1) PET(mm_day-1) Temp(oC)
01 01013500 1.660 2.781 1.950 3.931
01 01022500 2.086 3.186 2.093 6.732
01 01030500 1.773 3.123 2.011 5.609
01 01031500 1.983 3.251 2.033 5.415
01 01047000 2.094 3.433 2.070 5.378
01 01052500 2.284 3.419 1.984 3.908
01 01054200 2.671 3.964 2.085 4.849
01 01055000 2.166 3.196 2.046 4.520
01 01057000 1.786 3.240 2.146 6.503
01 01073000 1.667 3.285 2.325 8.648
01 01078000 1.718 3.103 2.192 6.678
01 01118300 2.101 3.394 2.532 10.352
01 01121000 1.835 3.305 2.404 9.251
01 01123000 1.750 3.245 2.435 9.696
01 01134500 2.025 3.171 2.017 4.916
01 01137500 2.340 3.996 2.034 4.020
01 01139000 1.593 3.008 2.071 5.605
01 01139800 1.755 2.994 2.087 5.497
01 01142500 1.722 3.289 2.125 6.174
01 01144000 1.801 3.269 2.138 5.970
01 01162500 1.724 3.179 2.291 7.655
01 01169000 2.172 3.596 2.280 7.377
01 01170100 2.076 3.679 2.272 7.438
01 01181000 2.055 3.724 2.320 7.564
01 01187300 2.044 3.679 2.365 8.222
01 01195100 1.639 3.309 2.587 10.628
01 04296000 1.657 3.169 2.030 5.444
02 01333000 1.969 3.269 2.272 7.179
02 01350000 1.994 3.334 2.246 6.296
02 01350080 1.508 2.854 2.265 6.783
02 01350140 1.468 2.858 2.227 6.602
02 01365000 2.588 3.761 2.320 6.826
02 01411300 1.203 3.015 2.804 12.534
02 01413500 1.876 3.049 2.229 6.367
02 01414500 2.100 3.131 2.225 6.146
02 01415000 1.718 3.049 2.216 6.685
02 01423000 1.732 3.041 2.214 6.711
02 01434025 2.764 3.944 2.290 6.207
02 01435000 2.799 3.700 2.304 6.413
02 01439500 1.960 3.341 2.433 8.835
02 01440000 1.743 3.232 2.475 9.741
02 01440400 2.039 3.458 2.399 8.548
02 01451800 1.689 3.362 2.531 10.453
02 01466500 0.755 3.171 2.710 12.054
02 01484100 1.077 3.051 2.810 12.995
02 01485500 1.097 3.140 2.937 13.537
02 01486000 1.057 3.040 2.924 13.527
02 01487000 1.167 3.064 2.828 13.188
02 01491000 1.158 3.048 2.802 12.916
02 01510000 1.771 3.006 2.216 6.892
02 01516500 0.986 2.530 2.290 7.737
02 01518862 1.145 2.687 2.263 7.262
02 01532000 1.291 2.728 2.328 8.223
02 01539000 1.701 3.079 2.390 8.706
02 01542810 1.601 2.900 2.289 7.902
02 01543000 1.634 2.934 2.297 7.953
02 01543500 1.629 2.916 2.322 8.187
02 01544500 1.605 2.834 2.297 7.721
02 01545600 1.476 2.898 2.317 8.035
02 01547700 1.314 2.717 2.401 9.236
02 01548500 1.376 2.668 2.275 7.561
02 01549500 1.478 2.669 2.312 7.981
02 01550000 1.630 2.719 2.310 8.064
02 01552000 1.688 2.984 2.314 8.076
02 01552500 1.944 3.201 2.304 7.783
02 01557500 1.584 2.845 2.418 9.151
02 01567500 1.287 2.937 2.513 10.173
02 01568000 1.365 2.923 2.522 10.257
02 01580000 1.262 3.095 2.651 11.522
02 01583500 1.067 3.057 2.675 11.808
02 01586610 1.153 2.954 2.687 11.872
02 01591400 1.014 2.933 2.726 12.232
02 01594950 1.878 3.415 2.511 9.184
02 01596500 1.492 2.838 2.516 8.954
02 01605500 1.001 2.771 2.954 9.190
02 01606500 1.179 2.862 2.598 9.150
02 01613050 1.200 2.739 2.526 10.084
02 01620500 1.554 2.772 2.697 9.848
02 01632000 0.918 2.651 2.694 10.505
02 01632900 0.777 2.556 2.740 11.950
02 01634500 0.982 2.664 2.696 11.370
02 01638480 0.992 2.985 2.731 12.299
02 01639500 1.095 2.940 2.645 11.494
02 01644000 0.962 2.977 2.746 12.539
02 01658500 0.888 2.849 2.840 13.129
02 01664000 1.067 3.103 2.768 12.568
02 01666500 1.196 3.205 2.851 12.852
02 01667500 1.126 3.182 2.887 12.906
02 01669000 0.936 3.068 2.926 13.923
02 01669520 1.067 3.091 2.957 14.126
02 02011400 0.993 2.902 2.677 9.731
02 02011460 1.416 3.020 2.639 9.053
02 02013000 0.988 2.747 2.727 10.887
02 02014000 1.061 2.796 2.714 10.815
02 02015700 1.344 2.838 2.669 9.777
02 02016000 1.148 2.876 2.743 10.759
02 02017500 1.159 2.851 2.733 10.710
02 02018000 1.096 2.838 2.782 11.331
02 02027000 1.603 3.357 2.850 11.822
02 02027500 1.838 3.284 2.873 11.886
02 02028500 1.405 3.239 2.830 12.392
02 02038850 0.838 3.021 3.254 13.777
03 02046000 0.860 3.112 3.010 14.566
03 02051000 0.768 3.001 3.009 14.309
03 02051500 0.841 3.049 3.105 14.554
03 02053200 0.876 3.181 3.082 15.334
03 02053800 0.960 2.835 2.849 11.460
03 02055100 0.986 2.967 2.884 12.810
03 02056900 1.010 3.041 3.143 12.789
03 02059500 0.893 3.054 3.294 13.479
03 02064000 0.918 3.008 3.570 14.023
03 02065500 0.946 3.011 3.292 14.145
03 02069700 1.330 3.483 3.057 13.286
03 02070000 1.125 3.288 4.093 13.989
03 02074500 0.955 3.136 3.019 14.267
03 02077200 0.920 3.066 3.221 14.983
03 02081500 0.862 3.167 3.065 14.959
03 02082950 0.870 3.180 3.213 15.234
03 02092500 1.005 3.478 3.245 16.836
03 02096846 0.760 3.114 3.118 15.185
03 02102908 1.353 3.169 3.210 16.589
03 02108000 1.094 3.521 3.279 17.287
03 02111180 1.640 3.443 3.363 12.389
03 02111500 1.354 3.420 3.005 13.085
03 02112120 1.255 3.346 2.992 12.982
03 02112360 1.427 3.266 3.004 13.331
03 02118500 1.121 3.285 3.088 14.480
03 02125000 0.963 3.034 3.221 15.712
03 02128000 0.946 3.103 3.172 15.491
03 02137727 1.745 3.366 3.040 12.862
03 02140991 1.645 3.609 3.016 12.877
03 02143000 1.419 3.375 3.128 14.504
03 02143040 1.665 3.611 3.131 14.379
03 02149000 1.508 3.413 3.134 14.381
03 02152100 1.259 3.641 3.115 14.276
03 02177000 2.739 4.884 3.122 12.939
03 02178400 2.805 4.587 3.065 12.309
03 02193340 0.674 3.088 3.419 17.230
03 02196000 0.566 3.050 4.441 17.359
03 02198100 0.781 3.135 3.579 18.465
03 02202600 0.680 3.183 3.657 19.358
03 02212600 0.696 3.177 3.440 17.549
03 02215100 0.850 3.194 3.580 18.664
03 02216180 0.860 3.184 3.635 19.068
03 02221525 0.728 3.153 3.430 17.384
03 02231000 0.761 3.575 3.805 20.674
03 02231342 0.855 3.584 4.271 23.298
03 02235200 0.439 3.539 4.441 22.328
03 02245500 0.896 3.543 4.037 21.397
03 02246000 0.937 3.591 3.890 21.103
03 02296500 0.691 3.434 4.246 23.026
03 02297155 0.666 3.467 4.195 22.934
03 02297310 0.834 3.500 4.536 22.973
03 02298123 0.881 3.459 4.278 23.235
03 02298608 1.228 3.519 4.230 23.058
03 02299950 1.135 3.460 4.200 22.975
03 02300700 1.446 3.283 4.203 23.036
03 02310947 0.416 3.487 4.118 22.492
03 02312200 0.452 3.429 4.077 22.371
03 02314500 0.677 3.440 3.758 20.109
03 02315500 0.604 3.494 3.763 20.216
03 02324400 0.620 3.669 3.784 20.246
03 02327100 1.659 4.034 3.822 19.928
03 02342933 0.875 3.368 3.553 18.530
03 02349900 0.818 3.132 3.573 18.639
03 02350900 0.900 3.349 3.567 18.703
03 02361000 1.131 3.487 3.606 19.009
03 02363000 1.043 3.623 3.583 18.600
03 02369800 1.436 4.217 3.642 19.184
03 02371500 1.086 3.723 3.564 18.365
03 02372250 1.145 3.805 3.561 18.223
03 02374500 1.431 4.028 4.955 18.598
03 02381600 1.441 3.944 3.138 14.603
03 02384540 2.197 3.735 3.154 14.855
03 02395120 1.189 3.471 3.367 16.078
03 02408540 1.381 3.615 3.396 17.022
03 02415000 1.432 3.662 3.433 16.846
03 02422500 1.256 3.751 3.449 17.596
03 02427250 1.215 3.925 4.098 18.430
03 02430085 1.634 3.836 3.300 16.626
03 02430615 1.601 3.834 3.308 16.647
03 02450250 1.610 3.796 3.292 16.298
03 02464000 1.492 3.802 3.387 17.139
03 02464146 1.490 3.660 3.463 17.332
03 02464360 1.414 3.761 3.865 17.445
03 02465493 1.129 3.754 3.706 17.596
03 02469800 1.232 3.896 3.589 18.337
03 02472000 1.317 3.974 3.561 18.210
03 02472500 1.312 4.002 3.606 18.558
03 02479155 1.551 3.960 3.665 19.150
03 02479300 1.755 4.201 3.689 19.566
03 02479560 1.748 4.125 3.648 19.080
03 02481000 1.943 4.358 3.784 19.930
03 02481510 1.731 4.305 3.699 19.602
04 04015330 1.037 2.158 2.153 4.783
04 04024430 0.870 2.156 2.122 5.227
04 04027000 0.950 2.367 2.112 5.312
04 04040500 1.093 2.365 2.147 4.509
04 04043050 1.446 2.180 2.133 4.716
04 04045500 1.028 2.254 2.651 5.658
04 04056500 1.171 2.353 2.195 5.527
04 04057510 0.917 2.322 2.308 6.006
04 04057800 1.130 2.270 2.062 4.371
04 04059500 0.722 2.094 2.472 5.508
04 04063700 0.704 2.156 2.131 5.101
04 04074950 0.844 2.219 2.168 5.323
04 04105700 1.067 2.648 2.428 8.720
04 04115265 0.762 2.362 2.371 8.119
04 04122200 1.083 2.513 2.431 8.162
04 04122500 1.110 2.537 2.578 7.870
04 04124000 1.176 2.300 2.219 6.855
04 04127918 0.981 2.214 2.129 5.556
04 04127997 1.080 2.319 2.176 6.507
04 04161580 0.608 2.344 2.497 8.457
04 04185000 0.905 2.513 2.491 9.553
04 04196800 0.883 2.489 2.572 10.593
04 04197100 0.890 2.640 2.643 10.202
04 04197170 0.878 2.594 2.622 10.310
04 04213000 1.641 2.744 2.376 -2.633
04 04213075 1.494 2.204 0.265 -44.654
04 04216418 1.430 2.877 2.283 7.427
04 04221000 1.269 2.726 2.253 6.888
04 04224775 1.069 2.526 2.245 7.304
04 04233000 1.103 2.768 2.244 7.639
04 04256000 2.255 3.334 2.117 6.085
05 03010655 1.488 2.843 2.251 7.094
05 03011800 1.917 3.157 2.252 7.186
05 03015500 1.911 3.070 2.294 7.996
05 03021350 2.288 3.063 2.301 7.884
05 03026500 1.784 3.120 2.264 7.356
05 03028000 1.948 3.146 2.278 7.624
05 03049000 1.299 2.785 2.452 9.591
05 03049800 1.064 2.604 2.504 10.237
05 03050000 1.969 3.694 2.522 8.993
05 03066000 2.423 3.617 2.457 7.757
05 03069500 2.431 3.606 2.495 8.376
05 03070500 2.008 3.322 2.506 10.044
05 03076600 1.807 3.321 2.503 9.133
05 03078000 1.872 3.065 2.503 8.828
05 03140000 0.958 2.631 2.547 10.364
05 03144000 1.089 2.732 2.583 10.531
05 03159540 1.027 2.722 2.730 12.300
05 03161000 1.880 3.552 2.817 10.295
05 03164000 1.514 3.215 2.818 10.597
05 03165000 1.610 3.022 2.884 11.679
05 03170000 1.047 2.901 2.831 11.203
05 03173000 0.973 2.633 2.769 10.871
05 03180500 2.002 3.568 2.519 7.856
05 03182500 1.620 3.273 2.595 8.713
05 03186500 2.547 3.860 2.557 8.345
05 03187500 2.690 3.838 2.566 8.508
05 03213700 1.057 2.882 2.779 12.438
05 03237280 1.081 2.780 2.782 12.332
05 03237500 1.122 2.875 2.748 12.047
05 03238500 1.195 2.921 2.733 11.792
05 03241500 1.064 2.760 2.680 11.118
05 03280700 1.254 3.187 2.818 13.116
05 03281100 1.405 3.301 2.877 13.398
05 03281500 1.310 3.286 2.866 13.395
05 03285000 1.384 3.298 2.890 13.328
05 03291780 1.412 3.283 2.807 12.210
05 03300400 1.291 3.340 2.887 13.271
05 03338780 1.163 2.794 2.656 11.096
05 03340800 1.025 3.000 2.697 11.385
05 03346000 0.950 3.007 2.797 12.391
05 03357350 1.130 3.101 2.713 11.497
05 03364500 1.123 3.077 2.744 11.703
05 03366500 1.272 3.292 2.823 12.424
05 03368000 1.321 3.232 2.801 12.252
05 03384450 1.347 3.231 2.995 13.689
06 03439000 3.100 5.430 2.932 11.139
06 03450000 1.794 2.909 3.041 10.648
06 03455500 3.266 4.766 2.861 8.695
06 03456500 2.469 4.023 3.397 10.181
06 03460000 2.059 3.977 2.827 9.774
06 03463300 2.925 3.705 2.931 10.647
06 03471500 1.308 2.997 2.732 10.463
06 03473000 1.418 3.027 2.712 10.714
06 03479000 1.750 3.514 2.782 9.929
06 03488000 1.187 2.862 2.765 11.098
06 03498500 1.713 3.479 2.927 13.494
06 03500000 2.362 4.530 3.014 12.255
06 03500240 2.178 4.113 2.938 11.910
06 03504000 3.542 4.541 3.128 10.835
06 03574500 1.854 3.689 3.152 15.143
06 03592718 1.533 3.824 3.639 16.287
06 03604000 1.637 3.649 3.150 15.213
07 05291000 0.193 1.620 2.360 7.145
07 05362000 0.847 2.277 2.163 5.461
07 05393500 1.045 2.224 2.150 5.277
07 05399500 0.705 2.241 2.228 5.914
07 05408000 0.689 2.459 2.391 7.369
07 05412500 0.776 2.495 2.399 8.073
07 05413500 0.657 2.370 2.406 8.073
07 05414000 0.721 2.404 2.396 7.943
07 05444000 0.761 2.560 2.493 9.166
07 05454000 0.725 2.497 2.548 9.872
07 05458000 0.700 2.437 2.387 7.798
07 05466500 0.763 2.459 2.587 10.202
07 05487980 0.688 2.502 2.632 10.413
07 05488200 0.664 2.421 2.621 10.455
07 05489000 0.660 2.532 2.628 10.414
07 05495000 0.766 2.642 2.678 10.937
07 05495500 0.731 2.602 2.726 11.520
07 05501000 0.793 2.706 2.776 11.894
07 05503800 0.763 2.777 2.806 12.130
07 05507600 0.693 2.797 2.826 12.208
07 05508805 0.721 2.788 2.806 12.051
07 05514500 0.776 2.839 2.843 12.374
07 05525500 0.935 2.700 2.641 10.782
07 05556500 0.796 2.530 2.551 9.984
07 05584500 0.706 2.626 2.683 11.169
07 05585000 0.695 2.635 2.696 11.318
07 05591550 0.892 2.800 2.763 12.004
07 05592050 0.860 2.711 2.771 12.130
07 05592575 0.845 2.892 2.853 12.903
07 05593575 0.883 2.886 2.923 13.419
07 05593900 0.789 2.812 2.815 12.386
07 05595730 0.969 2.948 2.932 13.565
07 07014500 0.903 3.119 2.952 13.182
08 07290650 1.224 3.979 3.602 18.687
08 07291000 1.364 4.069 3.692 18.759
08 07292500 1.375 4.163 3.827 18.942
08 07295000 1.584 4.468 3.686 19.338
08 07359610 1.838 4.126 3.274 16.362
08 07362100 1.081 3.636 3.486 17.844
08 07362587 1.649 3.647 3.263 15.878
08 07373000 1.238 3.943 3.835 19.194
08 07375000 1.543 4.343 3.716 19.614
08 07376000 1.469 4.355 3.714 19.456
08 08013000 1.582 4.122 3.674 19.187
08 08014500 1.505 4.322 3.726 19.363
09 05056000 0.115 1.329 2.203 5.402
09 05057000 0.134 1.370 2.184 5.329
09 05057200 0.094 1.399 2.217 5.492
09 05062500 0.301 1.719 2.322 5.204
09 05087500 0.239 1.510 2.104 4.609
09 05120500 0.066 1.227 2.783 5.592
09 05123400 0.070 1.258 2.929 4.561
09 05129115 0.659 1.858 2.170 3.921
09 05131500 0.600 1.778 2.027 4.082
10 06453600 0.118 1.696 2.594 9.746
10 06464500 0.082 1.467 2.609 9.757
10 06479215 0.199 1.583 2.336 6.797
10 06479438 0.190 1.563 2.348 7.014
10 06601000 0.335 2.087 2.581 9.529
10 06614800 1.855 2.621 2.853 -0.522
10 06622700 1.203 2.495 2.718 2.286
10 06623800 1.417 3.095 2.519 1.440
10 06632400 1.132 2.005 2.522 1.641
10 06746095 3.032 2.810 2.513 0.327
10 06784000 0.133 1.709 2.764 10.589
10 06803510 0.330 2.085 2.750 10.940
10 06803530 0.315 2.132 2.749 10.813
10 06814000 0.438 2.362 2.803 11.503
10 06847900 0.010 1.534 4.044 12.624
10 06853800 0.116 1.971 2.907 11.976
10 06876700 0.169 2.068 3.001 13.085
10 06878000 0.271 2.223 2.954 12.805
10 06879650 0.528 2.495 2.936 12.673
10 06885500 0.448 2.446 2.837 11.851
10 06888500 0.623 2.561 2.940 12.641
10 06889200 0.616 2.590 2.879 12.405
10 06889500 0.599 2.603 2.890 12.604
10 06892000 0.686 2.690 2.864 12.411
10 06903400 0.697 2.544 2.643 10.397
10 06906800 0.872 2.992 2.922 12.894
10 06910800 0.581 2.636 2.961 12.808
10 06911900 0.583 2.673 2.945 12.847
10 06917000 0.809 3.019 2.994 13.284
10 06918460 1.028 3.227 3.034 13.713
10 06919500 0.831 3.255 3.024 13.610
10 06921070 0.998 3.258 3.007 13.399
10 06921200 0.976 3.242 2.997 13.461
10 06934000 0.926 3.258 2.957 13.364
10 06037500 1.157 2.591 2.667 1.660
10 06043500 0.903 2.390 2.313 1.611
10 06154410 0.251 1.177 2.203 6.347
10 06188000 1.368 2.145 2.285 0.875
10 06191500 1.105 2.075 2.357 0.946
10 06221400 1.427 1.955 2.646 -1.586
10 06224000 1.375 1.954 3.223 -0.856
10 06278300 1.239 2.378 2.965 -1.133
10 06280300 1.217 2.088 2.480 -0.600
10 06289000 0.698 1.908 2.305 2.377
10 06291500 0.500 1.670 2.398 5.479
10 06311000 0.570 1.983 2.248 0.985
10 06332515 0.051 1.048 2.240 6.794
10 06339100 0.058 1.020 2.275 6.856
10 06339500 0.044 1.094 2.287 7.023
10 06344600 0.064 1.009 2.314 7.202
10 06350000 0.049 1.056 2.337 7.493
10 06352000 0.047 1.061 3.073 7.587
10 06353000 0.039 1.102 2.694 7.648
10 06354000 0.047 1.092 2.771 7.528
10 06360500 0.052 1.140 2.467 8.787
10 06404000 0.132 1.433 2.471 7.810
10 06406000 0.091 1.361 2.518 8.603
10 06408700 0.663 2.105 2.346 4.747
10 06409000 0.170 1.884 2.350 4.651
10 06431500 0.350 2.086 2.526 5.936
10 06440200 0.067 1.184 2.562 10.269
10 06441500 0.052 1.237 2.567 9.766
10 06447000 0.048 1.237 2.629 10.252
10 06447500 0.071 1.321 2.626 9.692
10 06450500 0.096 1.382 2.597 9.903
10 06452000 0.061 1.321 2.631 10.094
10 06468170 0.144 1.354 2.225 5.533
10 06468250 0.165 1.387 3.066 5.592
10 06470800 0.150 1.563 2.274 6.208
10 06477500 0.066 1.654 2.512 8.836
11 07056000 1.233 3.246 3.109 14.586
11 07057500 1.293 3.180 3.057 14.043
11 07060710 0.737 3.155 3.155 15.099
11 07066000 1.218 3.282 3.018 13.751
11 07067000 1.264 3.301 3.050 14.192
11 07068000 1.390 3.276 3.026 13.921
11 07071500 0.965 3.286 3.068 14.295
11 07083000 1.219 1.807 2.005 -1.391
11 07142300 0.036 1.865 3.128 14.017
11 07145700 0.530 2.393 3.164 14.354
11 07148400 0.124 1.940 3.553 14.925
11 07149000 0.179 1.999 3.198 14.619
11 07151500 0.361 2.245 3.238 14.492
11 07167500 0.746 2.657 3.084 13.896
11 07180500 0.571 2.431 3.049 13.746
11 07184000 0.943 3.173 3.067 14.056
11 07195800 1.036 3.296 3.117 14.480
11 07196900 1.177 3.512 3.138 14.798
11 07197000 1.132 3.411 3.168 15.185
11 07208500 0.208 1.563 2.481 5.402
11 07226500 0.008 1.228 3.608 13.377
11 07261000 1.364 3.434 3.232 15.972
11 07263295 1.310 3.296 3.319 16.662
11 07299670 0.093 1.742 3.635 17.912
11 07301410 0.046 1.680 3.308 15.661
11 07301500 0.060 1.682 3.336 15.911
11 07315200 0.186 2.268 3.873 18.282
11 07315700 0.394 2.532 3.472 17.601
11 07335700 2.102 4.042 3.210 15.613
11 07340300 1.912 4.021 3.225 15.892
11 07346045 0.866 3.342 3.543 18.442
12 08023080 1.041 3.543 3.605 18.910
12 08025500 1.122 3.844 3.674 19.422
12 08029500 1.131 3.849 3.717 19.359
12 08050800 0.534 2.611 3.520 18.407
12 08066200 0.854 3.518 3.753 19.690
12 08066300 0.902 3.545 3.774 19.893
12 08070000 0.781 3.330 3.783 19.940
12 08070200 0.772 3.366 4.261 20.066
12 08079600 0.111 1.387 4.367 17.417
12 08082700 0.079 1.812 3.663 18.944
12 08086212 0.085 1.963 4.559 18.924
12 08086290 0.103 1.963 5.088 19.002
12 08101000 0.228 2.168 3.741 19.671
12 08103900 0.300 2.114 3.768 19.958
12 08104900 0.398 2.268 3.776 20.158
12 08109700 0.269 2.398 3.848 20.909
12 08150800 0.086 1.970 4.355 19.652
12 08155200 0.466 2.182 3.809 20.591
12 08158700 0.423 2.249 3.805 20.376
12 08158810 0.506 2.228 3.808 20.626
12 08164000 0.549 2.678 4.843 21.453
12 08164300 0.409 2.584 3.889 21.089
12 08164600 0.616 2.727 3.979 21.605
12 08165300 0.230 2.040 3.995 19.581
12 08171300 0.412 2.373 5.261 20.245
12 08175000 0.230 2.370 3.960 21.771
12 08176900 0.220 2.389 4.920 21.796
12 08178880 0.485 2.227 3.784 20.104
12 08189500 0.200 2.242 5.183 22.244
12 08190000 0.261 1.883 3.826 20.580
12 08190500 0.049 1.827 4.875 20.741
12 08194200 0.082 1.545 4.248 23.864
12 08195000 0.390 2.067 3.780 20.164
12 08196000 0.287 1.993 3.811 20.911
12 08198500 0.171 2.118 3.817 20.688
12 08200000 0.504 2.212 3.811 20.717
12 08202700 0.056 2.122 3.850 21.147
13 08267500 0.921 1.866 3.740 3.259
13 08269000 0.410 1.563 3.984 4.993
13 08271000 1.194 1.917 3.351 2.781
13 08324000 0.160 1.761 3.073 7.303
13 08377900 0.646 2.641 3.256 3.867
13 08378500 0.544 2.354 3.620 4.472
13 08380500 0.253 1.771 3.102 7.664
14 09034900 1.790 2.226 3.208 -1.537
14 09035800 1.001 2.141 2.833 -0.477
14 09035900 1.179 1.860 3.246 0.061
14 09047700 0.685 1.809 3.238 -0.055
14 09065500 1.972 1.891 2.777 -0.449
14 09066000 1.264 1.997 2.388 -0.598
14 09066200 1.820 1.896 3.363 -0.443
14 09066300 0.891 1.879 2.746 0.027
14 09081600 1.708 2.662 3.534 1.238
14 09107000 0.791 1.848 2.688 -0.707
14 09210500 0.418 1.390 2.535 3.861
14 09223000 0.641 2.018 2.544 3.036
14 09306242 0.055 1.221 3.410 7.261
14 09312600 0.319 1.505 3.331 5.136
14 09352900 1.933 2.776 2.523 -0.697
14 09378170 0.184 1.519 2.982 6.982
14 09378630 0.278 1.577 2.946 6.904
15 09386900 0.070 1.278 3.065 9.131
15 09404450 0.200 1.295 3.155 8.579
15 09430500 0.096 1.307 3.316 10.736
15 09430600 0.420 1.749 4.559 11.272
15 09447800 0.035 1.134 4.929 15.815
15 09480000 0.046 1.254 3.919 15.591
15 09484000 0.590 1.684 3.648 15.999
15 09484600 0.012 1.038 4.119 17.156
15 09492400 0.826 1.909 3.460 9.303
15 09494000 0.285 1.723 3.056 9.922
15 09497800 0.139 1.413 3.413 13.260
15 09497980 0.146 1.577 3.457 13.616
15 09505200 0.233 1.730 3.610 11.013
15 09505350 0.260 1.733 3.297 11.683
15 09505800 0.221 1.743 3.225 11.084
15 09508300 0.369 1.370 3.522 15.941
15 09510200 0.143 1.362 4.640 18.144
15 09512280 0.077 1.206 3.721 18.306
15 09513780 0.150 1.189 3.639 18.451
16 10023000 0.211 1.490 3.126 5.020
16 10166430 0.111 1.051 1.891 -5.729
16 10172700 0.169 1.202 2.810 8.848
16 10172800 1.510 1.269 2.743 8.411
16 10173450 0.437 1.794 2.860 4.614
16 10205030 0.309 1.564 3.740 5.622
16 10234500 0.543 1.930 3.869 4.804
16 10242000 0.424 1.116 3.225 10.045
16 10244950 0.545 1.385 2.765 5.701
16 10249300 0.330 0.674 3.772 8.636
16 10310500 0.330 0.816 4.136 8.677
16 10316500 1.719 1.662 3.216 5.652
16 10329500 0.214 1.190 3.654 7.488
16 10336645 2.099 2.288 2.769 5.446
16 10336660 3.037 2.157 2.755 5.617
16 10336740 0.260 1.383 2.876 6.509
16 10343500 1.087 2.362 2.866 5.801
16 10348850 1.360 1.514 2.811 5.340
17 10396000 0.626 1.722 2.549 7.302
17 12010000 7.191 7.011 2.154 9.708
17 12013500 4.597 6.510 2.942 9.857
17 12020000 4.866 5.289 2.169 8.987
17 12025000 3.092 3.940 2.202 9.934
17 12025700 4.730 5.134 2.158 8.372
17 12035000 6.617 6.613 2.160 9.928
17 12040500 9.685 9.709 2.082 8.472
17 12041200 9.595 10.904 2.222 7.080
17 12043000 7.654 8.858 2.193 8.600
17 12048000 2.346 5.670 2.567 4.715
17 12054000 5.944 5.554 2.765 5.165
17 12056500 8.665 8.420 2.739 5.582
17 12073500 1.576 3.470 3.089 10.902
17 12082500 5.404 5.741 3.003 4.631
17 12092000 5.309 5.955 2.433 4.549
17 12095000 2.613 4.542 2.288 8.435
17 12114500 5.735 5.464 2.172 5.653
17 12115000 5.608 5.632 2.175 5.888
17 12115500 6.731 5.696 2.157 6.559
17 12117000 5.024 5.710 2.249 8.304
17 12141300 7.393 7.228 2.232 5.451
17 12143600 6.181 6.540 2.437 6.048
17 12144000 6.200 6.373 3.080 6.668
17 12145500 3.825 5.278 2.232 9.768
17 12147500 8.148 6.586 2.218 8.117
17 12147600 9.734 7.157 2.162 6.059
17 12167000 6.890 7.008 2.143 7.627
17 12175500 5.613 5.493 2.800 2.449
17 12178100 6.268 6.210 2.079 4.099
17 12186000 6.822 8.622 2.910 4.621
17 12189500 5.680 7.793 2.884 4.883
17 12358500 2.306 3.291 2.293 3.082
17 12374250 0.370 1.456 2.135 4.261
17 12375900 2.467 3.427 2.100 2.713
17 12377150 3.672 3.617 2.240 3.056
17 12381400 0.969 2.916 2.614 4.159
17 12383500 1.422 2.855 2.320 5.155
17 12388400 0.718 1.648 2.731 5.401
17 12390700 1.105 2.702 2.230 5.766
17 12411000 1.871 3.191 2.175 6.409
17 12414500 2.061 3.258 2.211 5.840
17 12447390 1.324 1.921 2.373 0.961
17 12451000 4.092 4.278 2.432 2.818
17 12488500 2.676 3.546 2.167 3.388
17 13011500 1.477 2.383 2.368 1.587
17 13011900 1.478 2.403 3.061 0.157
17 13018300 1.057 2.054 2.465 2.604
17 13023000 1.284 2.408 2.899 2.829
17 13083000 0.268 1.266 3.215 7.062
17 13161500 0.251 1.224 2.789 6.671
17 13235000 1.711 2.510 2.805 3.825
17 13240000 2.565 3.205 3.094 2.878
17 13310700 1.462 2.603 2.414 4.392
17 13313000 1.409 2.773 2.470 2.778
17 13331500 1.722 3.300 3.124 4.999
17 13337000 2.132 3.452 2.728 5.376
17 13338500 0.742 2.269 2.306 7.066
17 13340000 1.439 2.773 2.522 6.487
17 13340600 2.414 3.879 2.557 5.930
17 14020000 1.625 2.821 2.396 8.309
17 14092750 3.155 3.470 2.374 5.620
17 14096850 0.539 1.689 2.537 8.931
17 14137000 4.607 5.531 2.432 6.949
17 14138800 6.474 7.347 2.376 7.099
17 14138870 5.963 7.026 2.389 8.019
17 14138900 8.038 7.271 2.397 9.034
17 14139800 6.798 6.823 2.379 8.656
17 14141500 5.739 6.574 2.387 8.997
17 14154500 2.574 4.375 2.480 8.954
17 14158500 4.418 5.899 3.316 6.865
17 14158790 5.061 5.576 2.500 7.956
17 14166500 2.348 3.715 2.459 10.941
17 14182500 5.872 6.095 2.343 8.454
17 14185000 4.368 6.339 2.820 8.231
17 14185900 6.105 6.511 2.402 8.240
17 14187000 3.522 5.509 2.457 9.159
17 14216500 5.977 5.980 2.654 7.051
17 14222500 5.282 7.610 2.329 9.216
17 14236200 5.369 4.830 2.177 8.611
17 14301000 3.624 5.457 2.659 9.550
17 14303200 5.226 6.729 2.326 9.118
17 14305500 6.621 7.350 2.393 10.113
17 14306340 4.107 5.451 2.496 9.779
17 14306500 3.908 5.829 3.270 10.266
17 14308990 1.222 3.271 3.057 9.230
17 14309500 2.587 4.157 2.561 9.440
17 14316700 3.006 4.054 2.534 8.922
17 14325000 4.306 6.685 3.142 9.749
17 14362250 0.319 1.959 3.136 11.062
17 14400000 7.900 7.842 2.687 9.926
18 10258000 0.275 0.681 3.646 15.833
18 10258500 0.056 0.564 3.730 15.503
18 10259000 0.348 0.529 3.577 17.384
18 10259200 0.071 0.473 3.453 16.540
18 10263500 0.738 0.868 3.525 13.290
18 11098000 0.624 1.762 3.471 15.764
18 11124500 0.314 1.985 3.822 14.310
18 11141280 0.464 1.656 3.420 14.809
18 11143000 2.064 2.523 3.191 11.453
18 11148900 0.979 1.607 3.443 15.324
18 11151300 0.064 1.232 4.406 16.027
18 11162500 0.923 2.427 4.184 13.432
18 11176400 0.286 1.335 3.393 14.064
18 11180500 0.306 1.293 3.323 15.518
18 11180960 0.510 1.492 3.243 14.883
18 11224500 0.070 1.033 3.971 15.459
18 11230500 1.766 2.483 2.758 1.047
18 11237500 1.897 2.941 2.897 5.804
18 11253310 0.068 0.810 3.516 16.503
18 11264500 1.959 2.687 2.811 3.282
18 11266500 1.969 2.772 2.880 4.341
18 11274500 0.139 0.946 3.350 16.457
18 11274630 0.112 0.976 3.515 15.867
18 11284400 0.569 2.695 3.799 13.993
18 11299600 0.607 1.751 4.091 16.430
18 11381500 2.241 3.609 3.094 10.517
18 11383500 1.523 3.618 3.696 10.802
18 11451100 1.828 2.406 3.035 12.167
18 11468500 1.854 3.360 3.003 12.804
18 11473900 1.918 3.897 3.951 10.902
18 11475560 3.648 4.624 3.013 11.831
18 11476600 3.833 4.563 2.824 10.592
18 11478500 3.508 4.174 2.883 10.728
18 11480390 2.335 4.092 2.899 10.375
18 11481200 3.138 4.317 2.878 11.589
18 11482500 3.280 4.812 2.741 11.064
18 11522500 2.263 3.729 2.837 8.819
18 11523200 2.631 3.207 2.818 7.419
18 11528700 1.671 3.358 2.982 10.716
18 11532500 5.609 7.227 2.717 8.859
