BASIN_HUC BASIN_ID Size(km2) Elevation(m) Slope(m_km-1) Frac_Forest(percent)
01 01013500    2303.95    250.31   21.64152 0.9063
01 01022500     620.38     92.68   17.79072 0.9232
01 01030500    3676.09    143.80   12.79195 0.8782
01 01031500     766.53    247.80   29.56035 0.9548
01 01047000     904.94    310.38   49.92122 0.9906
01 01052500     396.10    615.70   60.05183 1.0000
01 01054200     181.33    472.31   90.13951 1.0000
01 01055000     251.16    423.12   72.81304 0.9916
01 01057000     197.70    215.59   32.68445 0.9415
01 01073000      32.11     37.67    4.75043 0.9008
01 01078000     221.86    346.92   49.77182 0.9873
01 01118300      13.71     36.70    8.76539 0.9330
01 01121000      94.70    141.54   16.99385 0.9652
01 01123000      84.21    120.10   17.14893 0.9141
01 01134500     209.50    450.54   47.54354 0.9963
01 01137500     238.32    784.85  110.13062 0.9972
01 01139000     259.50    373.34   43.10796 0.9737
01 01139800      24.92    518.15   40.99895 1.0000
01 01142500      79.91    346.62   46.92575 0.9799
01 01144000    1780.65    459.80   60.29261 0.9813
01 01162500      77.93    310.07   18.45782 0.9663
01 01169000     233.88    374.89   49.54362 0.9970
01 01170100     109.26    325.71   49.33091 0.9970
01 01181000     245.72    417.93   33.28440 0.9944
01 01187300      54.22    309.10   38.26760 0.9932
01 01195100      15.96     19.17    7.93070 0.9171
01 04296000     301.12    390.99   40.51472 1.0000
02 01333000     111.50    485.91   74.78725 0.9844
02 01350000     614.25    612.78   88.25169 0.9966
02 01350080      89.57    587.35   60.00338 0.9940
02 01350140      47.57    579.74   61.82480 0.9910
02 01365000     102.57    465.17   51.87268 1.0000
02 01411300      79.37     15.25    2.03260 0.8487
02 01413500     434.00    724.51   69.65170 0.9974
02 01414500      67.08    775.58   59.57585 1.0000
02 01415000      86.68    604.34   64.53263 1.0000
02 01423000     861.78    593.67   49.86765 0.9854
02 01434025       9.90    729.33   59.40710 1.0000
02 01435000     183.31    560.05   54.94492 1.0000
02 01439500     306.09    307.06   22.25987 0.9970
02 01440000     171.56    234.20   28.80165 0.9080
02 01440400     178.98    334.06   26.46515 0.9933
02 01451800     149.11    180.41   14.89410 0.4915
02 01466500       6.25     38.94    2.53456 1.0000
02 01484100       9.66     17.97    1.03721 0.3605
02 01485500     112.98     15.46    1.66864 0.8670
02 01486000      15.99     10.21    1.47125 0.8888
02 01487000     187.18     13.84    1.09998 0.4165
02 01491000     291.80     18.54    1.41948 0.2319
02 01510000     382.92    482.21   28.76423 0.9804
02 01516500      31.56    634.59   29.79686 0.9661
02 01518862     234.49    600.87   37.28156 0.9837
02 01532000     556.68    507.14   40.91626 0.9549
02 01539000     705.22    333.75   32.47937 0.8311
02 01542810      13.58    492.70   45.55723 1.0000
02 01543000     704.47    543.37   36.53752 0.9922
02 01543500    1778.96    547.44   31.28232 0.9878
02 01544500     363.08    551.60   36.26274 1.0000
02 01545600     123.62    518.97   53.68312 1.0000
02 01547700     115.19    353.57   43.02630 0.9047
02 01548500    1557.98    546.71   39.14167 0.9866
02 01549500      98.91    528.16   32.39343 0.9888
02 01550000     456.32    455.41   46.28526 0.9880
02 01552000    1129.55    461.43   37.27533 0.9911
02 01552500      62.06    535.24   46.46363 0.9956
02 01557500     117.78    389.99   38.17147 0.9012
02 01567500      39.50    314.48   46.47316 0.7969
02 01568000     536.40    265.52   34.52646 0.7062
02 01580000     246.96    174.30   12.44242 0.4241
02 01583500     163.42    156.32   13.67585 0.5155
02 01586610      72.81    196.88   11.85286 0.3247
02 01591400      59.61    149.21    7.79146 0.3311
02 01594950       6.10    899.82   37.38218 0.9731
02 01596500     127.51    663.42   53.96684 0.8759
02 01605500     474.38    856.86   70.44106 0.9904
02 01606500    1686.61    836.38   75.86214 0.9336
02 01613050      27.96    261.60   35.54433 0.9354
02 01620500      61.34    786.35   74.97900 0.9722
02 01632000     547.28    543.76   51.70815 0.7080
02 01632900     249.20    417.29   48.62437 0.5837
02 01634500     264.49    344.44   47.40820 0.7781
02 01638480     233.83    155.98   16.88797 0.4659
02 01639500     267.17    198.10   11.61235 0.1173
02 01644000     859.58    187.25   23.95326 0.6186
02 01658500      23.69     97.44    6.88385 1.0000
02 01664000    1604.64    216.10   30.32647 0.7519
02 01666500     466.17    201.59   24.98287 0.8137
02 01667500    1210.75    193.47   23.44026 0.8033
02 01669000      75.31     42.94    4.09652 0.9098
02 01669520     277.68     25.42    4.97296 0.9295
02 02011400     409.88    783.86   73.92744 0.9953
02 02011460     235.86    878.38   77.10338 0.9950
02 02013000     436.13    691.82   70.85988 0.9852
02 02014000     397.25    691.04   73.63034 0.9092
02 02015700     286.33    753.52   68.72646 0.9911
02 02016000    1194.92    645.04   66.42056 0.9317
02 02017500     285.79    695.27   69.63081 0.9349
02 02018000     852.53    648.68   66.96658 0.8857
02 02027000     241.31    387.44   57.55120 0.9407
02 02027500     127.87    350.53   52.51564 0.9407
02 02028500     246.19    377.48   66.86826 0.9644
02 02038850      23.80    176.41    9.80131 0.9300
03 02046000     290.88     86.64    6.04481 0.9359
03 02051000     145.10    151.02    7.49999 0.9387
03 02051500    1432.41    113.40    6.85615 0.9081
03 02053200     581.60     25.28    2.20328 0.5848
03 02053800     288.52    705.68   36.16538 0.8875
03 02055100      33.33    399.99   38.79042 0.5089
03 02056900     299.46    423.07   33.49522 0.9121
03 02059500     486.46    319.14   27.02570 0.8421
03 02064000     427.98    192.21    9.95686 0.9090
03 02065500     252.75    170.09   10.06294 0.9058
03 02069700     228.68    372.62   23.01829 0.9644
03 02070000     279.27    308.66   12.22606 0.9642
03 02074500     288.79    223.30   10.70863 0.8579
03 02077200     126.34    194.00    7.08453 0.7114
03 02081500     432.82    132.21    6.46534 0.8481
03 02082950     461.92     79.77    6.54582 0.7774
03 02092500     435.17     21.88    2.57074 0.7118
03 02096846      19.58    182.85    7.73462 0.9156
03 02102908      20.06    106.88   10.48159 0.6906
03 02108000    1550.74     31.61    3.14028 0.4232
03 02111180     130.87    551.06   56.42993 1.0000
03 02111500     233.35    454.02   35.95807 0.9831
03 02112120     329.79    460.03   35.93547 0.9010
03 02112360     206.82    405.86   23.71832 0.8821
03 02118500     400.53    336.82   18.17467 0.7055
03 02125000     145.07    190.23    9.32187 0.3877
03 02128000     271.99    195.23    8.97028 0.8588
03 02137727     329.30    602.18   65.11037 0.9861
03 02140991     522.11    529.42   43.76522 0.9821
03 02143000     222.10    399.35   27.07084 0.6406
03 02143040      68.19    411.33   33.14440 0.9465
03 02149000     203.73    403.91   39.54624 0.9755
03 02152100     156.68    414.31   40.11642 0.9009
03 02177000     527.23    705.59   47.86459 0.9731
03 02178400     152.12    797.91   59.80880 0.9777
03 02193340      89.61    167.93    7.49879 0.8688
03 02196000    1408.70    142.19    7.24480 0.8727
03 02198100      79.75     83.45    5.25896 0.4500
03 02202600     623.34     34.93    2.40016 0.6165
03 02212600     189.79    159.45    7.25507 0.9270
03 02215100     425.51    113.08    4.53352 0.1516
03 02216180     128.08     83.53    5.30253 0.4884
03 02221525     493.28    176.01    7.55177 0.8252
03 02231000    1857.37     38.71    2.18700 0.9529
03 02231342     193.78     21.90    0.94602 0.1387
03 02235200     300.67     26.25    3.67575 0.6142
03 02245500     351.10     41.45    4.14377 0.8235
03 02246000     451.22     34.57    4.00959 0.8293
03 02296500     892.24     31.23    1.71633 0.1676
03 02297155      97.92     35.51    1.24624 0.1264
03 02297310     537.07     25.71    1.18116 0.1446
03 02298123     541.30     21.75    0.82221 0.1369
03 02298608     313.85     22.79    1.61860 0.0756
03 02299950     176.80     33.67    1.61485 0.0572
03 02300700      85.85     25.46    2.88661 0.0836
03 02310947     581.55     42.23    1.87911 0.3118
03 02312200     466.70     34.11    1.64182 0.4082
03 02314500    2808.45     42.05    1.56449 0.9741
03 02315500    5915.63     39.99    2.02123 0.9266
03 02324400     210.24     31.14    0.92155 0.8795
03 02327100     299.93     25.14    1.56064 1.0000
03 02342933     290.04    127.70    7.99022 0.9083
03 02349900     124.29    116.19    3.41104 0.0989
03 02350900    1365.59    139.77    6.74759 0.3941
03 02361000    1779.30    117.14    8.27039 0.4408
03 02363000    1292.62    135.39    7.57689 0.6350
03 02369800     231.14     72.29    4.22030 0.9643
03 02371500    1257.42    125.86    7.42604 0.6862
03 02372250    1145.56    122.94    7.29973 0.7608
03 02374500     458.23    109.86    7.40892 0.9490
03 02381600      10.33    512.02   35.29730 0.9330
03 02384540      22.13    499.46   93.55977 0.9600
03 02395120      85.27    250.60    9.60933 0.7132
03 02408540     683.86    242.26   15.57552 0.8204
03 02415000     491.75    270.56   12.25237 0.9106
03 02422500     599.95    144.84   11.05647 0.6695
03 02427250     680.64    102.61    6.93052 0.9336
03 02430085      40.73    150.01    6.72984 0.8644
03 02430615      32.52    132.82    6.11799 0.9889
03 02450250     242.69    254.92   12.27321 0.8413
03 02464000     581.79    143.69    9.66599 0.9846
03 02464146      15.84    140.81    9.04939 0.9571
03 02464360     148.99    114.12    8.63619 0.9717
03 02465493      86.62    101.50    9.53966 0.8617
03 02469800     422.88     78.13    9.86442 0.9839
03 02472000    1927.67    123.24    6.76654 0.6696
03 02472500     789.45    113.73    6.76541 0.5865
03 02479155     138.17     70.21    6.65609 0.9355
03 02479300    1153.42     65.19    5.84957 0.8895
03 02479560    1455.83     64.68    6.14661 0.8849
03 02481000     250.49     51.66    5.61014 0.8845
03 02481510     801.48     64.00    5.13464 0.7816
04 04015330     225.84    337.69   19.16862 0.9911
04 04024430    1094.55    343.48    6.93316 0.9961
04 04027000    1547.15    425.75    9.36771 0.9959
04 04040500     421.65    497.28    8.10212 1.0000
04 04043050      76.66    239.41   16.96320 0.9769
04 04045500    1967.44    236.77    6.40846 0.9820
04 04056500    2984.03    232.99    4.97773 0.9888
04 04057510     491.76    228.86    4.66219 0.9814
04 04057800     121.98    476.21    6.39610 1.0000
04 04059500    1188.82    314.09    6.07833 0.9954
04 04063700     371.32    473.28    5.58320 0.9981
04 04074950    1216.29    482.31    7.42761 0.9667
04 04105700     100.88    277.91    6.57315 0.6706
04 04115265      96.12    254.56    4.35688 0.1706
04 04122200    1022.74    244.61    6.17213 0.7431
04 04122500    1800.63    270.61    7.82371 0.7555
04 04124000    2288.73    336.67    9.92703 0.7036
04 04127918     602.47    234.05    5.24337 0.9563
04 04127997     504.19    356.97   12.23471 0.7608
04 04161580      66.55    277.30    7.53129 0.3152
04 04185000    1064.22    250.64    3.32824 0.2041
04 04196800     608.08    276.66    2.52382 0.0048
04 04197100     388.90    298.46    2.93165 0.0067
04 04197170      95.97    275.04    3.32921 0.0059
04 04213000     466.13    322.72   10.20101 0.9317
04 04213075      11.94    358.17   13.85748 0.9686
04 04216418     196.96    533.55   22.26514 0.9172
04 04221000     751.79    658.41   27.06629 0.9690
04 04224775     232.59    519.45   36.93333 0.8681
04 04233000      92.63    434.01   40.08692 0.9837
04 04256000     238.28    486.49   16.94626 1.0000
05 03010655     255.12    635.06   32.95227 0.9918
05 03011800     101.16    628.71   19.77674 1.0000
05 03015500     831.39    492.56   22.04748 0.9837
05 03021350     249.00    485.40   20.02559 0.9747
05 03026500      20.33    577.23   15.82974 1.0000
05 03028000     166.22    569.02   18.29113 0.9796
05 03049000     356.44    365.27   16.00521 0.7165
05 03049800      16.00    296.60   21.30523 0.2546
05 03050000     489.49    998.82   65.76346 0.9766
05 03066000     225.23   1072.01   68.69899 0.9532
05 03069500    1853.20    961.46   63.79304 0.9408
05 03070500     518.44    599.73   30.19392 0.7170
05 03076600     128.33    795.46   21.46688 0.8242
05 03078000     165.17    767.06   30.57341 0.8405
05 03140000      71.31    287.70   15.82284 0.7138
05 03144000     365.10    292.28   13.11071 0.7303
05 03159540     400.87    232.80   10.08158 0.8237
05 03161000     533.63    834.21   57.20214 0.9955
05 03164000    2963.70    766.60   45.80251 0.9348
05 03165000     117.50    707.63   45.46630 0.8448
05 03170000     800.06    713.74   32.96335 0.8847
05 03173000     775.84    750.95   46.98351 0.8116
05 03180500     346.48   1057.03   44.26244 0.9877
05 03182500    1364.86    934.51   59.70770 0.9922
05 03186500     332.11   1057.61   61.17799 0.9927
05 03187500     207.99   1061.95   60.18061 0.9918
05 03213700    2431.37    611.92   37.98260 0.9792
05 03237280      33.22    248.51   31.52585 0.9863
05 03237500    1001.42    272.36   14.22302 0.5206
05 03238500     564.16    285.37    7.51910 0.1747
05 03241500     173.48    319.84    3.27837 0.0257
05 03280700     158.56    540.37   28.95669 0.9910
05 03281100     425.25    403.43   22.48228 0.9463
05 03281500    1836.71    376.49   21.86860 0.9654
05 03285000     823.29    323.60   12.08007 0.5302
05 03291780      71.52    249.83   14.47984 0.7056
05 03300400    1128.54    254.43    9.33197 0.4901
05 03338780     691.76    213.25    3.19469 0.0378
05 03340800     363.41    268.15    4.37041 0.2735
05 03346000     828.74    173.50    2.57944 0.0951
05 03357350      26.11    258.64    5.84999 0.4476
05 03364500     242.41    274.58    3.79613 0.2772
05 03366500     762.69    240.19    8.50477 0.5748
05 03368000      32.49    264.12    4.26263 0.6327
05 03384450     112.28    166.37   16.36598 0.9130
06 03439000     178.18    863.18   63.23118 0.9948
06 03450000      14.13    891.90  105.59692 0.9721
06 03455500      71.47   1326.82   91.67733 0.9922
06 03456500     137.33   1162.13   99.95219 0.9658
06 03460000     127.62   1254.53  116.23587 0.9933
06 03463300     113.16   1025.66  112.34116 1.0000
06 03471500     198.29   1023.62   69.46205 0.8219
06 03473000     784.35    916.29   56.64293 0.8628
06 03479000     237.77   1040.03   82.19102 0.9873
06 03488000     573.75    812.91   54.05912 0.8315
06 03498500     700.35    680.92   77.71156 0.8376
06 03500000     362.46    808.87   67.89742 0.9577
06 03500240     148.94    967.11   82.16983 0.9592
06 03504000     134.56   1039.71   86.43459 0.9516
06 03574500     859.22    337.61   47.69583 0.8794
06 03592718      67.00    173.22    6.67758 0.9566
06 03604000    1163.35    269.53   10.29605 0.8342
07 05291000    1058.82    432.13    8.90129 0.0059
07 05362000    1494.31    434.01    5.61530 0.9909
07 05393500     225.96    487.07    7.18561 1.0000
07 05399500     578.57    408.61    4.56736 0.7338
07 05408000     689.79    348.35   18.52763 0.9563
07 05412500    4026.17    327.65    8.01917 0.5276
07 05413500     710.46    280.29   14.29374 0.5990
07 05414000     368.71    291.51   11.74505 0.4849
07 05444000     377.29    241.53    6.34198 0.1186
07 05454000      68.41    225.39    4.61540 0.0902
07 05458000     783.45    355.97    4.61454 0.2524
07 05466500    1163.86    222.09    4.95695 0.0954
07 05487980     878.08    309.96    6.21127 0.2602
07 05488200     234.94    282.37    6.56634 0.4427
07 05489000     974.93    281.38    6.43914 0.3304
07 05495000    1029.86    236.65    5.82876 0.2856
07 05495500     885.73    203.55    4.21758 0.1464
07 05501000     929.86    215.88    5.30531 0.1158
07 05503800     212.69    232.79    3.69705 0.0760
07 05507600     275.86    232.77    1.80947 0.0387
07 05508805     536.51    223.69    4.62710 0.0858
07 05514500    2410.51    226.22    7.41926 0.2339
07 05525500    1158.24    217.33    2.73734 0.0268
07 05556500     507.09    217.97    6.17927 0.1229
07 05584500    1711.89    197.83    3.91674 0.1497
07 05585000    3371.38    197.96    4.56575 0.2020
07 05591550      97.12    211.21    3.71276 0.0151
07 05592050     260.92    191.16    3.71375 0.0709
07 05592575     116.33    176.47    1.56531 0.0625
07 05593575     220.52    153.43    3.13593 0.0737
07 05593900     145.69    196.82    3.03005 0.0715
07 05595730     233.33    151.58    3.36518 0.0879
07 07014500    3851.18    330.14   11.88533 0.7777
08 07290650    1694.61    105.80    7.48765 0.7965
08 07291000     482.23    129.13    7.60783 0.9777
08 07292500    2076.55    115.81    7.03828 0.9468
08 07295000     466.88     95.88    6.82945 0.9400
08 07359610     342.43    301.25   26.38350 0.9453
08 07362100     996.74     82.82    5.30737 0.9703
08 07362587      70.92    287.49   26.09551 0.9966
08 07373000     134.29     63.49    4.91804 0.9040
08 07375000     253.30     54.03    3.81251 0.7492
08 07376000     649.88     64.48    3.57506 0.9532
08 08013000    1300.18     75.95    4.56700 0.9144
08 08014500    1325.02     57.95    3.28615 0.8187
09 05056000    5648.10    493.50    4.38699 0.0042
09 05057000    8136.85    480.87    4.08896 0.0063
09 05057200    1900.40    447.50    2.33897 0.0165
09 05062500    2435.91    428.27    5.82564 0.6171
09 05087500     720.85    306.72    1.84950 0.1448
09 05120500    1509.83    515.77    5.85036 0.0019
09 05123400    3220.65    492.06    4.58163 0.0461
09 05129115    2373.72    428.21    6.94996 0.9664
09 05131500    4344.13    413.17    5.75333 0.9729
10 06037500    1127.58   2412.29   37.64619 0.8534
10 06043500    2120.46   2374.11  116.56357 0.7832
10 06154410      47.72   1168.62   49.82483 0.1990
10 06188000    1730.62   2569.59  104.83955 0.7820
10 06191500    6808.28   2547.95   94.05817 0.7861
10 06221400     231.93   3336.80  127.16435 0.2970
10 06224000     485.69   3116.82  105.14637 0.3870
10 06278300      59.23   2953.37   86.72682 0.5225
10 06280300     793.85   3003.52  141.18886 0.5853
10 06289000     472.40   2507.99   86.42554 0.6859
10 06291500     220.72   2238.49  100.83533 0.5915
10 06311000      62.96   2515.87   41.05320 0.3219
10 06332515     191.55    683.69   21.51406 0.0000
10 06339100     529.56    759.27   10.76088 0.0000
10 06339500    3161.84    711.32   10.60067 0.0002
10 06344600     408.92    796.57    7.89802 0.0000
10 06350000    1506.19    833.77    7.61453 0.0000
10 06352000    1443.13    840.97    7.25043 0.0000
10 06353000    4605.23    767.71    9.54494 0.0001
10 06354000   10626.74    743.88    9.74186 0.0001
10 06360500   12601.47    802.48   10.51138 0.0001
10 06404000     151.87   1506.10   44.57631 0.7102
10 06406000     437.52   1337.40   35.11128 0.5327
10 06408700      27.48   2018.14   35.35106 0.9795
10 06409000     209.41   1960.28   31.37920 0.7952
10 06431500     427.98   1889.64   36.22756 0.9044
10 06440200     654.70    756.84    9.79001 0.0000
10 06441500    8143.02    683.42   12.47192 0.0005
10 06447000   12869.46   1057.12   14.40932 0.0358
10 06447500     793.15   1040.90    6.49678 0.0000
10 06450500    4074.44    912.42   10.41664 0.0001
10 06452000   25817.78    923.24   12.73758 0.0242
10 06453600    2104.33    569.46   12.77542 0.0217
10 06464500    2924.68    768.53    9.07924 0.0109
10 06468170    2833.13    516.41    4.68375 0.0030
10 06468250    3247.76    508.66    4.53343 0.0031
10 06470800     995.65    423.26    3.54676 0.0061
10 06477500    1533.63    466.03    5.21100 0.0000
10 06479215     178.10    569.24    6.43082 0.0000
10 06479438     798.69    554.25    5.06923 0.0027
10 06601000     453.16    415.20    9.05170 0.0365
10 06614800       4.10   3296.83  145.84396 0.8210
10 06622700     101.52   2837.34   71.34178 0.7496
10 06623800     188.70   2970.51   90.87092 0.9211
10 06632400     165.15   3001.56   69.03992 0.7266
10 06746095       9.26   3370.38  121.42221 0.8210
10 06784000    6386.88    790.29    7.87218 0.0143
10 06803510     118.28    373.26    8.11686 0.0000
10 06803530     309.72    377.45    8.30034 0.0000
10 06814000     717.29    401.18    7.57575 0.0044
10 06847900    1539.16    885.80    6.55023 0.0010
10 06853800     597.19    559.13    6.65393 0.0000
10 06876700    1054.05    448.53    8.37527 0.0000
10 06878000     777.87    393.93    6.59798 0.0000
10 06879650      12.51    402.00   11.67178 0.0311
10 06885500    1075.14    394.81    8.30284 0.0076
10 06888500     842.52    412.34   10.57049 0.0139
10 06889200     406.48    347.72    8.52093 0.0174
10 06889500     766.03    335.49    8.09609 0.0149
10 06892000    1091.60    304.55    9.14485 0.0670
10 06903400     483.00    322.12    4.78235 0.2220
10 06906800    1411.96    279.08    8.38096 0.3516
10 06910800     444.58    376.84    6.45264 0.0074
10 06911900     291.33    367.43    6.40301 0.0178
10 06917000     767.50    296.09    6.44320 0.0592
10 06918460     650.76    372.29    8.23995 0.1134
10 06919500    1069.85    304.29    6.03069 0.2430
10 06921070     716.88    374.14    9.47519 0.2784
10 06921200     328.76    338.33    8.87458 0.2526
10 06934000    8267.52    334.86   11.85330 0.5897
11 07056000    2147.73    459.08   41.94700 0.8844
11 07057500    1456.46    324.68   11.24276 0.5840
11 07060710     152.36    272.84   18.02579 0.8541
11 07066000    1050.66    343.23   10.30686 0.6930
11 07067000    4315.66    325.61   11.97771 0.7931
11 07068000    5312.93    293.50   12.06510 0.7417
11 07071500    2030.30    283.07   10.03191 0.5914
11 07083000      66.28   3457.46  158.91882 0.3563
11 07142300    1923.39    677.58    4.76724 0.0003
11 07145700     400.64    393.17    3.99175 0.0346
11 07148400    2560.49    545.41    9.72975 0.0005
11 07149000    2263.93    558.82    8.31384 0.0003
11 07151500    2111.79    456.85    5.91848 0.0101
11 07167500     321.12    383.36   10.91937 0.0167
11 07180500     275.78    442.86    4.64743 0.0015
11 07184000     514.82    280.99    3.48891 0.0078
11 07195800      38.58    371.07   10.46386 0.2232
11 07196900     106.55    430.12   35.12088 0.5407
11 07197000     807.51    348.86   21.68267 0.6716
11 07208500     159.69   2675.36   72.29899 0.6805
11 07226500    5245.84   1587.35   17.56282 0.0028
11 07261000     455.94    197.55   14.38002 0.2534
11 07263295     119.08    260.56   27.63587 0.8657
11 07299670     830.71    497.04    6.82082 0.0012
11 07301410     773.72    787.71   10.70028 0.0000
11 07301500    6885.01    841.43    9.12835 0.0008
11 07315200     502.70    310.11    5.60451 0.0923
11 07315700    1491.41    286.95    6.30245 0.0437
11 07335700     104.13    450.35   54.44576 0.9722
11 07340300     252.13    342.71   20.62376 0.9591
11 07346045     963.16    103.75    7.44495 0.8518
12 08023080     198.91     86.85    4.78985 0.8629
12 08025500     382.74     95.89    6.86134 0.9320
12 08029500     384.21     78.75    5.08421 0.9705
12 08050800     109.21    229.09    5.75131 0.1279
12 08066200     374.87     86.80    6.98455 0.8456
12 08066300     390.79     67.47    4.66804 0.8251
12 08070000     844.70     84.67    5.61372 0.8302
12 08070200    1005.97     71.08    4.64193 0.8129
12 08079600    3512.25    952.69    5.15091 0.0000
12 08082700     276.84    453.85    4.04181 0.0000
12 08086212    1590.10    507.60   10.25442 0.0038
12 08086290     733.37    475.58    7.94291 0.0066
12 08101000    1184.49    388.23   11.33266 0.0067
12 08103900      86.26    382.97    9.98524 0.0201
12 08104900     347.91    317.44   12.46897 0.0263
12 08109700     621.67    143.05    6.24890 0.0282
12 08150800     562.13    563.65   14.64471 0.0386
12 08155200     241.48    337.33   13.09300 0.0880
12 08158700     321.11    367.97   13.35994 0.0414
12 08158810      33.74    308.05   10.64469 0.0548
12 08164000    2120.71     73.09    4.02264 0.0740
12 08164300     865.38    102.72    5.75162 0.0122
12 08164600     264.07     37.19    1.85956 0.0573
12 08165300     439.98    669.21   10.29971 0.1466
12 08171300    1073.92    379.23   13.97922 0.0569
12 08175000    1425.27    113.27    5.38320 0.0703
12 08176900     925.53     88.45    5.11820 0.1949
12 08178880     851.56    542.56   19.49002 0.4391
12 08189500    1816.51     67.31    4.02675 0.1046
12 08190000    1923.12    567.77   17.30756 0.2878
12 08190500    1800.66    590.40   13.29277 0.1388
12 08194200    1233.44    161.27    5.02405 0.0008
12 08195000    1009.88    578.20   20.77367 0.5043
12 08196000     344.48    536.77   22.61663 0.6396
12 08198500     640.76    439.45   15.82800 0.4132
12 08200000     249.16    464.34   21.00912 0.6625
12 08202700     430.69    399.03   15.73611 0.4827
13 08267500      96.83   3006.60  149.08403 0.7348
13 08269000     163.28   2791.36  117.24472 0.7622
13 08271000      46.39   2722.86  141.28096 0.6540
13 08324000    1222.20   2459.47   74.75895 0.5803
13 08377900     139.08   3017.75  105.29076 0.9747
13 08378500     444.99   2965.23  104.53474 0.9650
13 08380500     199.61   2523.15   74.87580 0.8242
14 09034900      21.40   3571.18  102.75895 0.2933
14 09035800      22.91   3271.22  145.66646 0.5700
14 09035900      71.67   3240.75  123.91195 0.6008
14 09047700      24.37   3333.84  103.79100 0.7022
14 09065500      37.81   3350.10  112.77892 0.8324
14 09066000      32.63   3405.13   96.54414 0.7706
14 09066200      16.12   3071.97  145.36852 0.6686
14 09066300      15.68   2943.62  143.83130 0.7632
14 09081600     436.88   2990.97  150.57660 0.6136
14 09107000     331.77   3300.29  103.42073 0.6075
14 09210500     398.50   2441.13   59.48280 0.2624
14 09223000     333.85   2448.68   61.24655 0.4330
14 09306242      87.70   2245.09   61.01553 0.0000
14 09312600     198.56   2434.67   72.89216 0.0454
14 09352900     187.74   3282.66  156.08833 0.5199
14 09378170      21.99   2308.20   67.67706 0.2522
14 09378630      11.60   2125.10   53.41527 0.2678
15 09386900     186.23   2341.65   37.39246 0.3012
15 09404450     195.91   2070.41   56.22302 0.3323
15 09430500    4809.49   2227.36   58.13208 0.4793
15 09430600     190.68   2126.66   84.46138 0.7126
15 09447800     777.14   1395.31   59.50706 0.1601
15 09480000     269.19   1564.07   40.83588 0.1254
15 09484000      98.65   1332.86  112.56283 0.4456
15 09484600    1240.13   1347.50   44.72847 0.0621
15 09492400     128.97   2468.99   65.37777 0.9911
15 09494000    1628.40   2153.94   50.88758 0.8391
15 09497800     751.77   1646.91   61.28144 0.7996
15 09497980     516.82   1655.39   72.42906 0.8725
15 09505200     287.44   1847.24   48.94088 0.4805
15 09505350     369.89   1736.94   47.82320 0.5015
15 09505800     624.72   1865.10   48.53574 0.5310
15 09508300      97.86   1243.76   87.50629 0.5022
15 09510200     428.19   1034.93   92.82902 0.1580
15 09512280     190.65   1040.23   77.53500 0.1822
15 09513780     190.97    939.06   66.19504 0.1114
16 10023000     147.45   2257.51   44.67936 0.1959
16 10166430    2534.49   1578.70   56.14159 0.0328
16 10172700     259.82   1853.47   46.97007 0.0017
16 10172800      76.51   2085.87  135.90273 0.0366
16 10173450     281.68   2638.59   56.13410 0.4463
16 10205030     150.92   2489.29   76.20924 0.0326
16 10234500     238.37   2498.74   95.20992 0.3513
16 10242000    1903.38   2035.16   59.78876 0.1718
16 10244950      28.92   2404.47  101.13866 0.0622
16 10249300     609.00   2256.43   98.85646 0.0620
16 10310500      47.65   1900.80  119.20887 0.7131
16 10316500      90.88   2490.13  132.10335 0.0123
16 10329500     513.84   1755.66   66.83605 0.0020
16 10336645      20.09   2357.54  118.27441 0.7136
16 10336660      32.46   2113.28   83.46391 0.7908
16 10336740       7.94   2117.98   81.49106 0.8173
16 10343500      27.34   2156.91   81.24778 0.8990
16 10348850      22.37   2041.60  136.26770 0.5120
17 10396000     969.57   1613.27   58.18941 0.0045
17 12010000     142.60    145.18   47.29610 0.9981
17 12013500     340.70    309.17   61.57144 0.9896
17 12020000     296.74    435.98   74.62586 0.9964
17 12025000     410.92    236.88   33.69605 0.8617
17 12025700     105.48    556.37   73.37022 0.8684
17 12035000     768.98    149.30   29.34790 0.9705
17 12040500    1155.71    437.01   96.58146 0.9969
17 12041200     662.48    754.00  127.74358 0.9733
17 12043000     348.41    378.73   72.96880 1.0000
17 12048000     408.23   1263.46  183.83774 0.9881
17 12054000     178.97    776.86  174.79018 0.9947
17 12056500     147.55    775.17  160.23749 1.0000
17 12073500      15.82     42.92   16.48391 1.0000
17 12082500     360.08   1036.22  122.55748 0.9312
17 12092000     241.13   1330.94  172.20201 0.9239
17 12095000     233.35    757.39  103.55868 0.9717
17 12114500      66.57    852.50  129.61110 0.9922
17 12115000     111.01    900.07  130.41888 0.9948
17 12115500      43.34    752.90  132.31418 0.9922
17 12117000      45.22    640.53  116.02529 1.0000
17 12141300     404.08   1068.40  165.09819 0.9816
17 12143600     165.04    981.21  118.43320 0.9978
17 12144000     212.76    881.00  132.22826 0.9983
17 12145500      83.89    411.90   86.37572 1.0000
17 12147500     105.38    601.12  112.82134 1.0000
17 12147600      16.07   1067.53  159.37456 1.0000
17 12167000     691.88    480.50  126.68987 0.9896
17 12175500     274.05   1538.75  245.56131 0.7897
17 12178100      72.60   1305.01  255.68840 0.9211
17 12186000     398.63   1226.29  172.55716 0.9801
17 12189500    1858.59   1206.01  197.12231 0.9465
17 12358500    2916.98   1559.24  106.51262 0.7376
17 12374250      53.30   1379.76  104.39721 0.7973
17 12375900      19.73   1528.13  159.41846 0.6827
17 12377150      32.39   1512.07  129.59930 0.8676
17 12381400     148.95   1876.96  102.16577 0.9605
17 12383500      17.70   2041.03  116.42480 0.9867
17 12388400      76.56   1636.58  117.08559 0.9585
17 12390700     469.73   1415.22  115.21011 0.9955
17 12411000     866.10   1145.85   92.51232 0.9917
17 12414500    2660.37   1381.41  104.37793 0.9997
17 12447390      58.40   1700.98  172.58264 0.9643
17 12451000     830.32   1509.63  226.86670 0.8163
17 12488500     206.11   1452.54  143.91948 0.9985
17 13011500     405.20   2400.71   78.51950 0.8122
17 13011900     848.00   2683.38   93.91466 0.7746
17 13018300      29.47   2197.93  109.51895 0.8095
17 13023000    1163.72   2441.62   98.50956 0.6753
17 13083000     181.85   1862.77   69.12091 0.0079
17 13161500     990.34   2059.26   59.95146 0.0336
17 13235000    1158.47   2075.34  126.24587 0.8604
17 13240000     126.02   1965.35  110.07567 0.8066
17 13310700     854.74   1979.98  106.69118 0.9654
17 13313000     564.96   2155.60  111.17973 0.9807
17 13331500     619.11   1654.85  126.58633 0.6378
17 13337000    3052.66   1548.18  120.82851 0.9726
17 13338500    3025.65   1418.36  110.26490 0.8078
17 13340000   14270.76   1457.99  113.85035 0.8441
17 13340600    3354.61   1417.79  109.15233 0.9980
17 14020000     343.46   1215.85   91.66490 0.8556
17 14092750      64.91   1597.68  155.84779 0.9807
17 14096850     384.27    958.51   46.78135 0.4959
17 14137000     676.44   1054.80  110.72043 0.9887
17 14138800      21.83    821.62  142.23871 1.0000
17 14138870      15.34    727.80  122.18566 1.0000
17 14138900      21.99    757.32   93.62395 1.0000
17 14139800      41.21    641.00  126.93213 0.9977
17 14141500      60.33    652.09   96.70294 1.0000
17 14154500     549.57    922.47  108.84718 1.0000
17 14158500     122.90   1175.75   91.15405 0.9963
17 14158790      40.76   1026.81  116.44111 1.0000
17 14166500     238.14    249.51   35.95163 0.9030
17 14182500     292.89    719.95  106.83309 1.0000
17 14185000     449.69    977.23  116.24834 1.0000
17 14185900     258.38    823.79  121.31898 1.0000
17 14187000     137.76    794.80  114.68442 1.0000
17 14216500     349.92    824.90  115.75916 0.9311
17 14222500     329.05    485.85   77.20610 0.9757
17 14236200     364.49    490.53   97.48567 0.9810
17 14301000    1745.19    375.21   62.14889 0.9630
17 14303200       8.07    572.22   70.81645 1.0000
17 14305500     526.41    276.16   55.46804 0.9943
17 14306340      14.76    397.44   62.50098 0.9933
17 14306500     860.65    308.31   57.46785 0.9993
17 14308990     171.31    987.04   96.62676 1.0000
17 14309500     226.31    709.83  110.42527 1.0000
17 14316700     588.01    952.26  119.08920 1.0000
17 14325000     444.92    656.53  124.96889 1.0000
17 14362250      43.88    875.67  109.93127 1.0000
17 14400000     703.37    625.31   98.81802 1.0000
18 10258000      75.71   1371.26  176.36676 0.4365
18 10258500     285.40   1329.18  116.14195 0.2855
18 10259000      23.66   1233.96  169.65242 0.5081
18 10259200     284.58   1139.91  154.44513 0.1369
18 10263500     310.25   1651.45  132.20030 0.2769
18 11098000      46.67    595.39  109.96152 0.2925
18 11124500     192.51    679.80   87.84629 0.7047
18 11141280      56.05    292.35   60.28846 0.4501
18 11143000     121.32    764.03  138.61035 0.9458
18 11148900     386.02    462.72   66.18997 0.4250
18 11151300     648.41    535.53   56.57053 0.1373
18 11162500     119.20    349.51   68.54063 0.8210
18 11176400     336.78    701.12   78.77162 0.3530
18 11180500      27.03     47.25   26.34814 0.0556
18 11180960      17.99    130.05   33.19250 0.2117
18 11224500     325.24    658.03   69.95580 0.1452
18 11230500     142.19   3020.86  151.16005 0.2787
18 11237500      65.21   2201.22  104.67149 0.8069
18 11253310     235.92    802.17   88.13570 0.1202
18 11264500     472.30   2632.87  131.06068 0.5769
18 11266500     836.15   2512.58  140.18420 0.6741
18 11274500     530.16    377.44   54.47513 0.3051
18 11274630     284.39    517.24   57.74649 0.2803
18 11284400      41.70    897.33   52.40447 0.7577
18 11299600      41.12    300.42   40.72756 0.0410
18 11381500     341.30    941.68   70.55750 0.5890
18 11383500     634.08   1053.56   75.72221 0.6998
18 11451100     155.47    740.46  103.93357 0.8707
18 11468500     273.60    276.08   45.14956 1.0000
18 11473900    1930.41   1037.85  126.70666 0.9609
18 11475560      16.87    592.58   90.33273 0.9922
18 11476600      72.28    478.69   94.52911 0.9966
18 11478500     574.98    757.76  122.52826 0.9953
18 11480390     243.15   1049.64   76.61899 0.9744
18 11481200     106.84    285.23   71.42838 0.9378
18 11482500     724.00    546.99  114.46463 0.9830
18 11522500    1946.30   1279.30  152.80074 0.9907
18 11523200     385.08   1614.41  139.34749 0.9800
18 11528700    1982.54   1019.07  107.62195 0.9905
18 11532500    1590.16    725.07  112.11076 0.9993
